[0m [38;2;0;0;0m         [38;2;43;36;20m▂[38;2;102;88;60m▃[38;2;138;116;86m▄[38;2;138;115;87m▃[38;2;57;49;35m▂[0m [38;2;6;4;1m▁▁▁[38;2;3;2;0m▁[0m [38;2;91;80;57m▂[38;2;120;106;77m▄[38;2;119;104;74m▄[38;2;109;94;64m▂[0m [38;2;17;14;6m              [0m
 [38;2;0;0;0m        [38;2;40;30;6m▗[38;2;80;66;36;48;2;121;103;68m▍[38;2;189;144;84;48;2;119;100;63m▄[38;2;163;130;84;48;2;108;88;48m▄[38;2;138;121;88;48;2;103;86;54m▄[38;2;140;123;90;48;2;69;55;31m▆[38;2;144;128;95;48;2;49;41;25m▆[38;2;146;129;95;48;2;93;78;48m▆[38;2;144;127;93;48;2;93;77;47m▆[38;2;145;128;94;48;2;99;82;51m▄[38;2;113;96;61;48;2;76;61;21m▆[38;2;105;88;54;48;2;43;36;19m▆[38;2;102;85;51;48;2;130;114;81m▄[38;2;201;160;100;48;2;115;94;54m▃[38;2;221;173;108;48;2;110;89;48m▄[38;2;181;141;84;48;2;126;106;69m▃[38;2;97;81;48;48;2;35;28;8m▋[0m[38;2;15;12;1m▏             [0m
 [38;2;0;0;0m      [0m  [38;2;60;47;9m▝[38;2;138;117;80;48;2;89;73;35m▝[38;2;122;99;69;48;2;195;151;93m▅[38;2;163;137;103;48;2;133;113;81m▅[38;2;154;133;99;48;2;179;148;114m▘[38;2;184;151;117;48;2;160;139;105m▇▇[38;2;176;147;113;48;2;157;137;104m▅[38;2;165;141;107;48;2;152;135;102m▖[38;2;144;127;93;48;2;152;135;101m▗[38;2;136;119;86;48;2;146;129;96m▘[38;2;147;130;97;48;2;131;114;80m▖[38;2;127;110;77;48;2;106;89;55m▖[38;2;247;229;178;48;2;157;139;100m▝[38;2;142;125;91;48;2;241;218;165m▃[38;2;218;171;107;48;2;138;116;78m▘[38;2;35;28;9;48;2;96;80;42m▗[0m[38;2;28;22;3m▏             [0m
 [38;2;0;0;0m      [0m   [7m[38;2;40;31;5m▆[0m[38;2;35;28;18;48;2;157;135;107m▍[38;2;56;47;33;48;2;146;132;107m▗[38;2;135;117;87;48;2;155;135;102m▏[38;2;139;122;88;48;2;152;135;101m▁▁[48;2;152;134;101m▁[38;2;140;123;90;48;2;151;134;101m▁[38;2;164;156;140;48;2;147;130;97m▗[38;2;59;55;51;48;2;140;124;94m▂[38;2;155;135;101;48;2;142;125;91m▋[38;2;132;115;81;48;2;107;89;56m▊[38;2;92;73;38;48;2;114;97;64m▆[38;2;55;34;12;48;2;124;107;73m▆[0m[7m[38;2;85;69;29m▆[38;2;30;23;5m▇[0m[38;2;1;1;0m [0m [38;2;87;87;87m            [0m
 [38;2;0;0;0m     [0m  [38;2;75;75;75m [0m [7m[38;2;57;46;35m▉[0m[38;2;151;129;96;48;2;73;62;39m▄[38;2;174;162;134;48;2;43;36;17m▄[38;2;242;234;209;48;2;155;132;103m▆[38;2;224;214;189;48;2;167;123;103m▋[38;2;159;81;55;48;2;212;175;127m▌[38;2;254;227;188;48;2;222;176;118m▅[38;2;250;208;158;48;2;186;152;103m▅[38;2;90;77;50;48;2;182;150;102m▝[38;2;139;123;89;48;2;51;41;20m▄[38;2;121;104;71;48;2;146;126;93m▝[38;2;127;110;77;48;2;105;87;54m▖[38;2;97;80;44;48;2;84;67;19m▋[38;2;75;53;15;48;2;41;18;8m▌[0m[38;2;97;107;119m▃[38;2;51;56;62m▖ [0m [38;2;0;0;0m            [0m
 [38;2;0;0;0m         [7m[38;2;54;47;32m▉[0m[38;2;61;52;34;48;2;137;120;87m▖[38;2;215;194;159;48;2;148;129;95m▝[38;2;205;172;131;48;2;251;230;194m▂[38;2;253;229;193;48;2;252;197;162m▊[38;2;246;140;99;48;2;251;221;180m▘[38;2;252;202;151;48;2;254;235;200m▁[38;2;234;190;137;48;2;253;229;191m▂[38;2;120;95;47;48;2;209;167;114m▃[38;2;109;92;58;48;2;139;122;89m▃[38;2;129;112;78;48;2;150;133;99m▃[38;2;134;117;84;48;2;110;92;59m▋[38;2;97;80;44;48;2;84;67;19m▋[38;2;17;6;2;48;2;67;42;13m▗[38;2;11;27;36;48;2;100;111;123m▆[38;2;46;71;87;48;2;113;128;142m▄[0m[38;2;124;142;157m▖             [0m
 [38;2;0;0;0m          [7m[38;2;46;38;21m▇[0m[38;2;30;39;28;48;2;27;172;168m▋[38;2;5;172;216;48;2;68;100;93m▆[38;2;12;93;122;48;2;114;98;70m▅[38;2;10;164;206;48;2;64;89;86m▖[38;2;13;139;162;48;2;119;117;91m▆[38;2;9;141;185;48;2;86;102;87m▆[38;2;36;26;28;48;2;76;59;18m▖[38;2;83;67;17;48;2;92;75;35m▆[38;2;75;55;22;48;2;104;87;53m▆[38;2;35;13;7;48;2;75;58;22m━[38;2;128;150;165;48;2;64;62;50m▗[38;2;125;150;168;48;2;42;44;52m▆[38;2;106;134;157;48;2;36;48;61m▆[38;2;106;137;158;48;2;81;99;114m▆[38;2;18;26;31;48;2;112;137;157m▝[0m[38;2;100;112;124m▂[38;2;24;27;30m▁           [0m
 [38;2;0;0;0m          [38;2;32;27;16m▂[7m[38;2;56;80;71m▘[0m[38;2;48;60;57;48;2;7;110;152m▖[38;2;32;51;53;48;2;2;91;135m▗[38;2;64;62;41;48;2;2;74;111m▄[38;2;0;68;102;48;2;6;109;154m╺[38;2;36;38;37;48;2;4;95;140m▅[38;2;49;33;24;48;2;82;64;22m▘[38;2;72;56;13;48;2;112;96;63m▘[38;2;120;104;70;48;2;98;80;44m▘[38;2;91;74;32;48;2;76;60;12m▘[38;2;60;81;96;48;2;49;43;17m▝[38;2;32;41;50;48;2;80;110;133m▃[38;2;135;158;175;48;2;112;132;149m┫[38;2;32;48;60;48;2;104;125;140m▆[38;2;12;27;35;48;2;109;123;138m▆[38;2;22;44;56;48;2;127;143;159m▅[38;2;62;84;100;48;2;124;138;153m▃[0m[38;2;137;153;168m▄[38;2;56;63;70m▖         [0m
 [38;2;0;0;0m          [38;2;31;23;14;48;2;176;139;87m▍[38;2;100;81;36;48;2;179;141;87m▝[38;2;11;119;165;48;2;35;53;54m▝[38;2;1;95;141;48;2;41;52;43m▘[38;2;92;76;40;48;2;54;54;45m▊[38;2;65;55;29;48;2;9;100;143m▂[38;2;14;46;59;48;2;69;56;17m▎[38;2;101;79;35;48;2;179;142;88m▍[38;2;178;140;86;48;2;116;96;60m▅[38;2;106;85;45;48;2;78;60;16m▏[38;2;60;35;8;48;2;73;49;15m▘[38;2;19;14;2;48;2;67;51;9m▃[0m[7m[38;2;59;35;11m▂[0m[38;2;72;92;108;48;2;14;30;39m▝[38;2;24;49;65;48;2;115;129;145m▄[38;2;135;151;166;48;2;45;61;74m━[38;2;129;145;160;48;2;27;43;56m━[38;2;138;154;169;48;2;53;75;90m━[38;2;43;66;80;48;2;138;155;171m▄[0m[38;2;63;77;89m▘         [0m
 [38;2;0;0;0m             [38;2;37;29;13m▝[38;2;46;40;29;48;2;116;99;68m▖[38;2;138;119;86;48;2;89;70;35m▖[38;2;83;66;22;48;2;65;43;9m▖[38;2;53;36;9;48;2;115;95;69m▋[38;2;145;127;94;48;2;100;85;57m▇[38;2;120;103;69;48;2;90;73;29m▆[38;2;62;49;10;48;2;91;74;32m▝[0m[38;2;62;49;10m▖  [7m[38;2;0;3;4m▇[38;2;18;49;63m▇[38;2;20;52;66m▇▇[38;2;8;24;31m▇[0m[38;2;0;0;0m          [0m
 [38;2;0;0;0m              [38;2;46;40;29m▝[38;2;34;27;16;48;2;129;110;79m▖[38;2;0;0;0;48;2;139;112;70m▁[48;2;115;89;46m▁[38;2;141;125;94;48;2;67;55;36m▝[38;2;0;0;0;48;2;167;141;103m▁[48;2;145;118;75m▁[48;2;167;131;78m▁[0m[38;2;99;77;47m▏                [0m
 [38;2;0;0;0m                                       [0m
 [38;2;0;0;0m                                       [0m
 [38;2;0;0;0m                                       [0m
 [38;2;0;0;0m                                       [0m
 [38;2;0;0;0m                                       [0m
