[0m [38;2;0;0;0m                                       [0m
 [38;2;0;0;0m                                       [0m
 [38;2;0;0;0m            [0m [38;2;6;61;98m▗[38;2;21;108;167;48;2;5;32;53m▅[38;2;56;139;196;48;2;12;59;93m▇[38;2;92;168;204;48;2;28;61;79m▅[0m[38;2;59;111;132m▖                     [0m
 [38;2;0;0;0m           [38;2;10;53;87m▗[38;2;17;102;161;48;2;1;24;40m▅[38;2;16;113;183;48;2;11;99;157m▇[38;2;28;122;186;48;2;19;117;186m▝[38;2;31;122;186;48;2;41;138;189m▅[38;2;46;140;196;48;2;77;162;210m▅[38;2;56;104;125;48;2;92;173;212m▝[0m[38;2;91;155;183m▃[0m [38;2;14;22;26m                   [0m
 [38;2;0;0;0m      [38;2;62;114;139m▁[38;2;57;113;145m▂[38;2;75;147;180m▄[38;2;61;132;180m▅[38;2;49;136;191;48;2;27;68;100m▆[38;2;32;123;186;48;2;31;106;160m▇[38;2;8;93;162;48;2;23;113;180m▃[38;2;1;66;127;48;2;9;93;165m▂[38;2;12;89;152;48;2;13;104;173m▁[38;2;20;111;174;48;2;33;120;186m▎[38;2;23;93;134;48;2;34;128;185m▁[38;2;82;166;215;48;2;47;140;200m▝[38;2;69;155;212;48;2;109;187;224m▃[38;2;79;105;118;48;2;139;201;226m▝[0m[38;2;127;166;183m▃[38;2;83;92;101m▂                 [0m
 [38;2;0;0;0m [0m [38;2;57;109;131m▂[38;2;83;159;195m▃[38;2;77;155;204;48;2;23;46;55m▅[38;2;72;153;201;48;2;4;14;22m▇[38;2;28;121;189;48;2;78;157;206m▃[38;2;24;110;177;48;2;70;157;209m▄[38;2;14;103;169;48;2;50;142;197m▅[38;2;2;62;114;48;2;22;117;181m▃[38;2;4;79;152;48;2;24;110;178m▅[38;2;0;45;98;48;2;5;76;144m▖[38;2;0;46;98;48;2;3;68;140m▋[0m[38;2;5;73;145m▇[38;2;27;122;193;48;2;18;98;160m┣[38;2;24;81;117;48;2;38;119;172m─[38;2;45;145;206;48;2;24;86;123m▆[38;2;42;142;204;48;2;36;136;202m▌[38;2;41;97;134;48;2;40;135;193m▂[38;2;65;146;198;48;2;86;169;221m▎[38;2;105;185;223;48;2;155;212;239m▖[38;2;198;228;247;48;2;161;180;195m▇[38;2;221;233;236;48;2;37;40;40m▅[0m[38;2;190;190;190m▃[0m [38;2;38;38;38m              [0m
 [38;2;30;59;73m▗[7m[38;2;73;142;178m▘[0m[38;2;18;91;144;48;2;71;155;203m▗[38;2;21;49;79;48;2;66;150;200m▅[38;2;146;146;146;48;2;16;73;115m▂[38;2;11;59;113;48;2;17;105;173m▄[38;2;5;55;101;48;2;8;85;151m▁[38;2;15;105;174;48;2;5;70;129m┗[38;2;7;89;171;48;2;3;66;130m┙[0m[7m[38;2;4;69;134m╸[0m[38;2;0;38;86;48;2;3;71;144m▝[0m[7m[38;2;6;66;130m╸[0m[38;2;6;78;150;48;2;8;59;105m▋[38;2;11;59;99;48;2;19;100;167m╺[38;2;51;148;204;48;2;29;102;152m┗[38;2;41;112;153;48;2;49;149;210m▘[38;2;72;168;219;48;2;51;148;209m▃[38;2;56;152;212;48;2;84;168;220m▘[38;2;151;207;239;48;2;103;183;221m▗[38;2;201;235;250;48;2;123;198;230m▅[38;2;247;251;253;48;2;186;227;248m▆[38;2;252;254;254;48;2;227;249;253m▆[48;2;232;253;254m▅[38;2;234;252;254;48;2;247;252;252m▃[38;2;12;12;12;48;2;204;205;206m▝[0m[7m[38;2;0;0;0m▏[0m[38;2;36;36;36m             [0m
[38;2;29;58;69m▗[38;2;31;62;75;48;2;86;161;194m▘[38;2;77;159;210;48;2;42;133;193m▌[38;2;23;105;166;48;2;2;30;64m▋[38;2;182;182;182;48;2;29;32;43m▝[38;2;28;30;39;48;2;210;210;210m▂[38;2;111;111;111;48;2;11;55;108m▘[38;2;5;48;92;48;2;11;82;148m┚[38;2;8;55;100;48;2;15;89;156m┗[38;2;9;57;102;48;2;15;90;158m┗[38;2;15;99;171;48;2;10;65;116m▍[38;2;30;125;189;48;2;11;75;135m▂[38;2;12;66;112;48;2;26;115;181m▝[38;2;8;53;94;48;2;27;118;180m▗[38;2;25;50;85;48;2;26;115;174m▇[38;2;209;209;209;48;2;12;38;66m▃[38;2;144;144;148;48;2;20;50;81m▃[38;2;90;173;218;48;2;26;64;92m▝[38;2;87;172;218;48;2;113;188;225m▋[38;2;141;204;236;48;2;167;219;241m▌[38;2;246;251;254;48;2;208;235;252m▝[38;2;230;248;254;48;2;251;253;254m▁[38;2;247;254;254;48;2;254;254;254m▁[38;2;228;243;252;48;2;252;253;254m▁[38;2;141;204;235;48;2;211;236;251m▗[38;2;139;205;235;48;2;198;229;246m▄[38;2;153;184;196;48;2;27;34;37m▌[0m [38;2;4;6;6m            [0m
[7m[38;2;70;125;147m▋[0m[38;2;116;195;228;48;2;96;181;217m▖[38;2;57;148;201;48;2;25;113;185m▌[38;2;14;99;171;48;2;8;83;153m▉[38;2;4;67;131;48;2;1;24;69m▇[38;2;12;84;146;48;2;0;31;67m▅[38;2;20;99;151;48;2;3;62;109m▆[38;2;22;113;183;48;2;17;88;143m┠[38;2;15;99;175;48;2;7;59;112m▁[38;2;23;117;189;48;2;8;61;112m▝[0m[7m[38;2;20;94;144m╺[0m[38;2;32;110;166;48;2;40;134;201m▏[38;2;47;141;205;48;2;35;98;133m▆[38;2;48;134;196;48;2;21;57;86m▋[38;2;146;146;146;48;2;11;30;62m▝[38;2;0;0;0;48;2;218;218;218m▃[38;2;23;30;41;48;2;184;184;184m▄[38;2;13;40;66;48;2;56;120;163m▋[38;2;98;175;222;48;2;84;167;218m▝[38;2;93;177;221;48;2;131;199;232m▄[38;2;106;184;224;48;2;160;214;239m▂[38;2;131;202;231;48;2;190;231;249m▄[38;2;121;195;229;48;2;214;243;248m▅[38;2;80;160;201;48;2;176;221;244m▅[38;2;46;121;166;48;2;90;166;220m▖[38;2;99;178;222;48;2;124;198;230m▋[38;2;153;213;234;48;2;125;167;180m▊[0m[38;2;79;107;116m▏            [0m
[7m[38;2;100;141;154m▋[0m[38;2;145;209;234;48;2;114;189;232m▌[38;2;80;163;214;48;2;35;122;189m▌[38;2;18;107;181;48;2;13;98;170m▖[38;2;15;100;171;48;2;9;63;108m▚[0m[7m[38;2;23;108;165m╺[0m[38;2;24;111;169;48;2;16;73;110m▊[38;2;28;121;183;48;2;18;80;122m╋[38;2;15;68;106;48;2;22;106;165m▎[38;2;46;145;205;48;2;27;99;151m▗[0m[7m[38;2;36;128;184m╺[0m[38;2;45;133;189;48;2;55;144;207m▏[38;2;34;87;122;48;2;49;136;199m▖[38;2;58;147;213;48;2;50;137;205m▖[38;2;51;136;204;48;2;34;106;171m▇[38;2;60;148;205;48;2;37;102;149m▃[38;2;55;146;205;48;2;35;103;147m▇[38;2;54;145;204;48;2;73;162;213m▃[38;2;62;147;209;48;2;81;166;219m▂[38;2;66;154;211;48;2;83;168;219m▁[38;2;66;151;211;48;2;84;169;219m▁[38;2;71;155;215;48;2;89;173;220m▂[38;2;231;246;253;48;2;153;207;238m▗[38;2;225;245;251;48;2;118;184;210m▆[38;2;132;184;213;48;2;64;149;203m▍[38;2;102;184;224;48;2;85;173;220m▝[38;2;118;189;225;48;2;92;142;165m▉[38;2;64;101;118;48;2;0;0;0m▏[0m[38;2;64;101;118m   [38;2;47;79;114m▗[38;2;85;135;182m▄[38;2;167;203;221;48;2;0;0;0m▆[38;2;196;216;224m▆[0m[38;2;171;190;203m▄[0m [38;2;44;51;55m   [0m
[38;2;35;47;54m▝[38;2;55;60;60;48;2;143;179;198m▖[38;2;184;226;239;48;2;99;175;222m▖[38;2;55;137;199;48;2;28;117;187m▎[38;2;17;108;186;48;2;16;99;172m▉[38;2;17;82;132;48;2;22;108;175m▋[38;2;23;116;189;48;2;21;93;144m▖[38;2;17;73;111;48;2;25;106;160m┗[38;2;29;128;195;48;2;23;102;155m┣[38;2;29;119;180;48;2;26;89;128m┰[38;2;44;135;188;48;2;26;90;129m▚[38;2;37;133;195;48;2;50;149;206m▅[38;2;20;73;108;48;2;51;139;194m╸[38;2;25;93;138;48;2;42;137;203m▗[38;2;41;122;179;48;2;44;137;201m▎[38;2;29;93;140;48;2;48;139;200m╺[38;2;37;98;138;48;2;48;137;198m╸[38;2;41;111;167;48;2;53;139;202m╺[0m[7m[38;2;48;130;187m╴[0m[38;2;40;98;139;48;2;51;137;198m▖[0m[7m[38;2;47;130;186m╴[0m[38;2;26;76;113;48;2;46;134;193m╺[38;2;40;118;164;48;2;117;187;224m▅[38;2;55;143;197;48;2;199;224;242m▆[38;2;59;157;212;48;2;67;114;138m▆[38;2;104;189;226;48;2;88;175;216m┏[0m[38;2;67;125;149m▌[0m [38;2;8;17;21m  [7m[38;2;23;34;46m▉[0m[38;2;108;143;179;48;2;43;78;118m▅[38;2;98;148;192;48;2;151;194;223m▌[38;2;179;214;234;48;2;235;246;251m▂[38;2;202;232;249;48;2;249;253;253m▂[38;2;172;207;233;48;2;214;238;248m▂[38;2;123;152;168;48;2;15;19;21m▋[0m[38;2;123;152;168m   [0m
 [38;2;62;63;63m▝[7m[38;2;200;210;217m▄[0m[38;2;80;161;204;48;2;187;210;226m▝[38;2;132;188;227;48;2;40;128;190m▃[38;2;47;141;202;48;2;20;109;188m▂[38;2;15;72;115;48;2;24;113;180m━[38;2;13;73;123;48;2;24;117;188m╺[38;2;17;73;110;48;2;25;116;183m╍[0m[7m[38;2;25;112;177m╸[0m[38;2;15;72;115;48;2;27;119;186m▖[38;2;19;79;120;48;2;34;125;188m▚[38;2;33;95;131;48;2;34;130;193m▝[38;2;22;83;122;48;2;46;135;187m▖[38;2;39;136;197;48;2;28;89;126m▋[38;2;35;100;137;48;2;46;133;184m▎[38;2;35;93;123;48;2;39;131;188m╸[38;2;38;106;142;48;2;39;134;193m▘[0m[7m[38;2;41;136;195m╸[38;2;41;132;188m╺[0m[38;2;25;86;126;48;2;38;135;196m▝[38;2;27;129;197;48;2;44;138;194m▅[38;2;56;146;203;48;2;29;128;197m▂[38;2;83;170;216;48;2;40;139;205m▄[38;2;52;96;114;48;2;87;171;212m▂[0m[7m[38;2;79;146;172m▅[0m [38;2;7;17;21m   [0m [7m[38;2;115;135;153m▖[0m[38;2;127;155;177;48;2;84;132;176m▄[38;2;85;130;174;48;2;119;172;210m▆[38;2;74;122;174;48;2;133;179;222m▆[38;2;42;62;87;48;2;81;133;181m▁[0m[38;2;64;101;127m▘   [0m
 [38;2;0;0;0m  [7m[38;2;104;105;105m▆[38;2;193;211;218m▄[0m[38;2;23;28;30;48;2;137;187;216m▂[38;2;127;184;211;48;2;49;136;201m▅[38;2;108;175;208;48;2;36;129;195m▃[38;2;68;156;209;48;2;20;110;186m▃[38;2;53;146;208;48;2;19;107;179m▂[0m[7m[38;2;30;120;188m╸[0m[38;2;30;130;200;48;2;22;113;188m╶[38;2;13;71;111;48;2;28;123;192m▘[38;2;16;103;186;48;2;23;117;193m━[38;2;25;128;194;48;2;20;117;190m▂[38;2;10;72;113;48;2;27;126;191m╺[38;2;29;85;117;48;2;33;124;182m╸[38;2;25;89;128;48;2;38;138;203m▘[38;2;55;144;206;48;2;25;127;194m▁[38;2;59;145;204;48;2;28;130;197m▃[38;2;72;155;201;48;2;29;129;196m▅[38;2;52;95;115;48;2;70;158;207m▗[0m[7m[38;2;80;155;190m▃[38;2;75;142;169m▄[0m [38;2;18;34;40m       [38;2;44;48;52m▝[7m[38;2;109;133;154m▆[38;2;72;99;129m▆[0m [38;2;6;9;12m    [0m
 [38;2;0;0;0m    [0m [7m[38;2;55;77;84m▇[0m [7m[38;2;106;161;187m▅[38;2;82;152;200m▆[38;2;40;117;171m▅[38;2;57;136;189m▃[38;2;46;127;185m▃[38;2;45;134;187m▃[38;2;53;133;181m▃[38;2;49;137;189m▃[38;2;47;125;174m▃[38;2;40;119;166m▅[38;2;55;119;162m▅[38;2;60;124;163m▅[38;2;30;60;76m▇[38;2;23;46;55m▇[0m[38;2;0;0;0m                  [0m
