[0m [38;2;0;0;0m        [38;2;17;9;9m▗            [0m [38;2;33;19;13m▖                [0m
 [38;2;0;0;0m        [7m[38;2;40;24;24m▊[0m[38;2;28;17;17m▎          [38;2;43;26;22m▗[38;2;45;27;23;48;2;34;18;8m╏[0m[38;2;29;14;0m▍                [0m
 [38;2;0;0;0m        [7m[38;2;33;20;20m▉[0m[38;2;59;38;33m▌        [38;2;31;20;16m▗[7m[38;2;46;29;25m▘[0m[38;2;51;33;33;48;2;46;28;23m▄[38;2;50;32;31;48;2;33;16;0m▋[0m[38;2;28;13;0m▌                [0m
 [38;2;0;0;0m         [38;2;56;35;27;48;2;16;10;8m▉[0m[38;2;56;35;27m      [0m [38;2;52;34;28m▄[38;2;63;41;37;48;2;49;32;31m┛[38;2;51;33;33;48;2;50;33;32m▇[48;2;51;33;33m [38;2;42;25;17m▝[38;2;46;28;24;48;2;24;11;0m▖[0m [38;2;6;3;0m               [0m
 [38;2;0;0;0m        [7m[38;2;27;13;0m▉[0m[38;2;39;22;12;48;2;64;42;37m▌[0m[38;2;62;40;32m▎    [38;2;33;21;19m▗[7m[38;2;67;44;38m▘[0m[38;2;73;48;40;48;2;56;36;34m▁[38;2;53;34;33;48;2;50;32;32m▏[38;2;48;30;27m▃[38;2;40;21;10;48;2;50;32;31m─[38;2;41;23;14m▅[38;2;33;16;0;48;2;45;27;23m▆[0m[38;2;29;14;1m▘               [0m
 [38;2;0;0;0m         [7m[38;2;45;27;21m▍[38;2;73;48;41m▝[0m[38;2;7;4;3m   [7m[38;2;42;27;19m▉[0m[38;2;62;42;37;48;2;110;77;72m▘[38;2;53;34;31;48;2;83;56;49m▗[38;2;23;12;3;48;2;56;36;33m─[38;2;19;9;0;48;2;51;32;31m─[48;2;49;31;28m─[38;2;21;10;0;48;2;47;29;26m─[38;2;30;15;2;48;2;39;22;11m▄[0m[7m[38;2;32;16;2m▂[0m[38;2;6;3;0m▏               [0m
 [38;2;0;0;0m         [38;2;42;25;18m▝[38;2;101;69;61;48;2;57;37;31m▝[0m[38;2;71;47;39m▎  [7m[38;2;54;33;19m▉[0m[38;2;103;70;59;48;2;55;35;34m▍[38;2;52;34;33;48;2;75;50;44m▇[38;2;48;30;26;48;2;52;34;33m▗[38;2;47;29;25;48;2;51;33;33m▂[38;2;50;32;31;48;2;39;21;10m▊[38;2;15;7;0;48;2;35;17;3m▗[0m[38;2;18;9;0m▘                 [0m
 [38;2;0;0;0m          [38;2;33;19;11m▝[7m[38;2;55;35;28m▝[0m [38;2;52;48;39m [7m[38;2;62;41;33m▋[0m[38;2;69;46;39;48;2;49;31;29m▎[38;2;35;18;3;48;2;50;32;32m▅[38;2;33;16;0m▅[38;2;27;13;0;48;2;45;27;21m▄[0m[7m[38;2;40;22;12m▂[0m[38;2;27;13;1m▌                  [0m
 [38;2;0;0;0m         [38;2;25;25;25m╺[38;2;30;21;16;48;2;6;6;6m▗[38;2;160;151;132;48;2;56;48;40m▗[38;2;191;181;161;48;2;134;129;111m┨[0m[38;2;131;116;100m▇[38;2;154;147;128;48;2;40;32;28m▅[38;2;54;53;57;48;2;30;21;16m▄[38;2;18;18;19;48;2;58;57;62m┓[38;2;93;93;103;48;2;41;38;40m━[0m[38;2;56;56;62m▂                    [0m
 [38;2;0;0;0m         [38;2;85;56;45m▗[38;2;86;59;48;48;2;7;7;7m▇[38;2;170;149;128;48;2;113;100;84m▆[38;2;173;148;127;48;2;111;93;80m▆[38;2;105;90;62;48;2;177;169;147m▄[38;2;81;55;43;48;2;127;123;108m▗[38;2;83;82;78;48;2;41;36;33m━[38;2;68;68;74;48;2;28;28;29m━[38;2;96;97;104;48;2;53;53;57m▝[38;2;26;26;28;48;2;84;84;92m▃[0m[38;2;39;39;40m▌                   [0m
 [38;2;0;0;0m         [38;2;31;19;17m▝[38;2;40;28;22;48;2;166;137;121m▎[38;2;75;50;40;48;2;157;131;112m╺[38;2;112;84;70;48;2;179;165;134m▅[38;2;81;57;46;48;2;112;83;64m▝[38;2;102;87;76;48;2;86;57;43m▄[38;2;106;84;74;48;2;58;28;5m▂[38;2;110;79;65;48;2;41;29;24m▆[38;2;53;34;29;48;2;60;57;63m▅[38;2;22;14;14;48;2;74;62;61m─[38;2;85;85;91;48;2;60;47;43m▘[0m[38;2;148;120;105m▄[38;2;54;40;36m▖                 [0m
 [38;2;0;0;0m        [38;2;139;113;100m▁[38;2;68;52;57m▁[38;2;41;30;34;48;2;111;87;75m▆[38;2;68;44;36;48;2;148;115;98m▅[38;2;23;16;5;48;2;131;97;81m▄[38;2;54;37;21;48;2;154;123;104m▆[38;2;87;60;45;48;2;54;25;4m▄[38;2;120;98;86;48;2;88;63;51m▝[38;2;46;29;26;48;2;99;68;54m▄[0m[38;2;29;15;7m▘[7m[38;2;117;93;82m▋[0m[38;2;120;94;81;48;2;50;36;47m▆[38;2;110;80;65;48;2;75;56;49m▅[38;2;113;85;72;48;2;7;6;19m▇[0m[38;2;63;42;32m▏                [0m
 [38;2;0;0;0m       [38;2;95;72;62m╺[38;2;128;108;96;48;2;68;53;47m╏[38;2;25;14;12;48;2;106;76;63m▂[38;2;42;30;33;48;2;2;2;14m▎[0m[7m[38;2;65;42;36m▆[38;2;10;5;3m▇[38;2;55;34;26m▋[0m[38;2;54;34;28;48;2;87;57;44m▂[38;2;55;35;28;48;2;82;54;43m▃[38;2;29;15;5;48;2;64;42;37m▝[0m[38;2;27;16;10m▖ [7m[38;2;60;41;30m▇[38;2;114;85;70m▇[0m [38;2;7;5;4m                 [0m
 [38;2;0;0;0m        [7m[38;2;40;26;23m▇[0m[38;2;1;0;0m    [38;2;21;13;11;48;2;96;65;57m▎[38;2;54;34;26;48;2;32;16;1m▎[38;2;19;10;4;48;2;61;40;36m▊[38;2;93;63;50;48;2;111;77;71m▂[38;2;70;46;39;48;2;10;5;1m▋[0m[38;2;70;46;39m                     [0m
 [38;2;0;0;0m             [7m[38;2;60;39;32m▇[38;2;38;21;9m▅[38;2;26;12;0m▝[38;2;55;35;29m▆[0m[38;2;34;18;4;48;2;12;6;2m▋[0m [38;2;3;1;1m                    [0m
 [38;2;0;0;0m              [0m [7m[38;2;35;18;5m▆[0m[38;2;27;27;27;48;2;7;5;5m╹[38;2;8;7;7;48;2;34;17;4m▆[0m[38;2;17;17;17m▎                    [0m
 [38;2;0;0;0m                                       [0m
 [38;2;0;0;0m                                       [0m
 [38;2;0;0;0m                                       [0m
 [38;2;0;0;0m                                       [0m
 [38;2;0;0;0m                                       [0m
 [38;2;0;0;0m                                       [0m
 [38;2;0;0;0m                                       [0m
