[0m [38;2;0;0;0m                [0m  [38;2;60;60;3m                     [0m
 [38;2;0;0;0m           [38;2;167;167;10m▗[0m [38;2;39;39;2m   [0m   [38;2;4;4;0m [0m   [38;2;1;1;0m                [0m
 [38;2;0;0;0m           [0m [38;2;177;177;10m▂[0m   [38;2;153;153;9m▃[7m[38;2;164;164;10m▚[0m    [38;2;2;2;0m                 [0m
 [38;2;0;0;0m           [0m [7m[38;2;129;129;7m╺[0m [38;2;153;153;9m▂[38;2;249;211;9m▗[38;2;238;222;11m▄[38;2;243;168;4m▅[38;2;239;214;10m▆[7m[38;2;164;154;8m╼[0m[38;2;196;196;12m▃[0m [38;2;124;124;7m  [0m  [38;2;102;102;6m             [0m
 [38;2;0;0;0m           [38;2;193;183;10m▗[38;2;253;112;0;48;2;242;189;6m▗[0m[38;2;253;129;1m▇[38;2;216;46;17;48;2;230;171;7m▅[38;2;115;5;16;48;2;236;162;18m▄[38;2;49;12;12;48;2;235;98;11m▃[38;2;59;12;13;48;2;226;43;19m▃[38;2;149;4;21;48;2;246;108;8m▄[38;2;189;19;22;48;2;249;117;5m▄[38;2;230;72;22;48;2;237;191;7m▂[0m[38;2;194;141;7m▆[38;2;167;160;9m▂[38;2;155;155;9m▃[0m [38;2;11;11;0m              [0m
 [38;2;0;0;0m          [38;2;71;33;16m╺[38;2;215;118;2;48;2;65;13;9m▝[38;2;160;3;21;48;2;238;60;14m▃[38;2;90;22;19;48;2;210;39;17m▅[38;2;95;44;31;48;2;91;11;16m▄[38;2;99;48;32;48;2;83;26;25m▅[38;2;53;16;13;48;2;89;41;28m╺[38;2;73;24;18;48;2;94;44;32m▆[38;2;59;18;14;48;2;88;38;29m╾[38;2;77;20;19;48;2;93;43;27m▃[38;2;97;37;27;48;2;196;0;26m▇[38;2;93;35;22;48;2;214;19;25m▅[38;2;24;8;7;48;2;229;161;6m▃[0m[7m[38;2;175;141;4m▅[0m[38;2;11;7;0m               [0m
 [38;2;0;0;0m         [7m[38;2;20;4;4m▉[0m[38;2;74;28;21m▆[38;2;163;0;18;48;2;72;19;16m▝[38;2;77;12;13;48;2;87;33;29m▘[38;2;73;17;17;48;2;97;47;32m▃[38;2;68;15;15;48;2;99;48;33m▄[38;2;73;17;17m▄[38;2;82;24;22;48;2;99;48;32m▃[38;2;85;28;27;48;2;101;50;33m▂[38;2;87;31;27;48;2;98;47;33m▖[38;2;101;50;33;48;2;86;32;29m▆[48;2;88;36;31m▆[48;2;102;51;33m▏[38;2;76;31;26;48;2;100;49;32m▝[0m[38;2;80;32;29m▄[38;2;30;9;9m▖              [0m
 [38;2;0;0;0m      [7m[38;2;62;44;44m▉[0m[38;2;129;92;89;48;2;18;10;7m▅[0m[38;2;66;23;20m▅[38;2;41;14;10;48;2;90;66;58m▊[38;2;126;117;106;48;2;77;27;22m▘[38;2;99;48;31;48;2;58;14;12m▄[38;2;226;226;218;48;2;112;86;66m╺[38;2;88;71;65;48;2;211;211;197m▂[38;2;127;127;112;48;2;232;232;217m▁[38;2;239;238;220;48;2;150;141;113m━[38;2;180;176;136;48;2;98;63;47m╸[38;2;100;48;31;48;2;60;13;11m▄[38;2;94;39;26;48;2;102;51;33m▘    [38;2;92;41;33;48;2;99;48;33m▝[38;2;86;35;32;48;2;62;21;21m▇[0m[38;2;71;18;18m▄[0m [38;2;12;1;1m  [0m  [38;2;99;99;5m        [0m
 [38;2;0;0;0m      [7m[38;2;55;40;40m▉[0m[38;2;62;44;44;48;2;126;93;93m▖[38;2;89;57;50;48;2;119;87;86m▝[38;2;99;69;61;48;2;67;22;18m▖[38;2;79;20;19;48;2;90;36;29m▖[38;2;175;168;152;48;2;81;40;28m▗[38;2;83;31;29;48;2;95;49;34m▗[38;2;89;34;27;48;2;99;49;32m▖[38;2;102;51;33;48;2;73;34;17m▇[48;2;89;43;26m▇[48;2;102;51;33m [48;2;101;50;33m▉[38;2;79;34;24;48;2;100;49;32m▁[38;2;101;50;33;48;2;102;51;33m▗[38;2;89;39;33;48;2;100;49;33m▗[38;2;85;29;27;48;2;99;48;32m▂[38;2;101;50;33;48;2;102;51;33m▏[38;2;97;47;33;48;2;101;50;33m▝[38;2;93;43;33;48;2;87;36;32m▌[38;2;84;18;18;48;2;84;29;28m▗[38;2;96;67;9;48;2;32;7;5m▁[0m [38;2;225;177;9m▄[38;2;240;190;13m▖[0m [38;2;2;1;0m        [0m
 [38;2;0;0;0m       [38;2;99;73;73m▝[38;2;15;10;6;48;2;122;88;83m▄[38;2;102;70;58;48;2;35;11;9m▘[38;2;14;1;1;48;2;72;15;15m▁[38;2;163;153;149;48;2;65;23;21m▝[38;2;139;119;98;48;2;212;201;177m▝[38;2;199;183;151;48;2;84;38;32m▃[38;2;157;142;114;48;2;90;40;30m▂[38;2;79;27;25;48;2;98;47;32m▃[38;2;78;17;17;48;2;92;40;31m▃[38;2;64;13;12;48;2;90;38;30m▅[38;2;67;27;17;48;2;95;43;29m▘[38;2;84;25;25;48;2;99;48;33m▂[38;2;82;20;20;48;2;88;35;31m▃[38;2;48;7;7;48;2;77;17;17m▗[38;2;67;18;18;48;2;95;42;30m▂[38;2;60;17;15;48;2;95;44;32m▖[38;2;98;47;33;48;2;85;32;31m▘[38;2;60;12;12;48;2;82;20;20m▗[38;2;141;25;7;48;2;31;5;5m▝[0m[7m[38;2;220;59;10m▄[38;2;204;59;13m▅[0m [38;2;1;1;0m         [0m
 [38;2;0;0;0m            [7m[38;2;110;100;80m▆[38;2;198;182;150m▅[0m[38;2;25;18;9;48;2;194;177;144m▅[0m[38;2;63;52;36m▘[7m[38;2;39;6;6m▇[38;2;32;4;4m▇[38;2;52;32;7m▂[38;2;48;24;4m▃[38;2;59;13;12m▅[38;2;36;6;6m▇[38;2;26;3;3m▇[38;2;50;26;7m▂[0m[38;2;15;6;1;48;2;78;16;16m▆[0m[7m[38;2;39;7;7m▆[0m[38;2;2;0;0m             [0m
 [38;2;0;0;0m                                       [0m
