[0m [38;2;0;0;0m                                       [0m
 [38;2;0;0;0m                                       [0m
 [38;2;0;0;0m                                       [0m
 [38;2;0;0;0m                                       [0m
 [38;2;0;0;0m                                       [0m
 [38;2;0;0;0m               [0m [38;2;211;211;211;48;2;37;36;36m╺[38;2;188;187;186;48;2;0;0;0m▆[0m[38;2;191;187;180m▄[38;2;208;207;199m▅[38;2;177;176;167;48;2;62;62;62m▆[38;2;44;43;40;48;2;165;165;155m▅[0m[38;2;77;77;71m▁                [0m
 [38;2;0;0;0m            [38;2;64;64;59m▗[38;2;205;204;198m▄[38;2;237;228;228;48;2;50;47;47m▆[38;2;250;245;245;48;2;83;78;78m▆[38;2;253;250;250;48;2;209;195;195m▇[38;2;254;251;251;48;2;228;214;214m▇[38;2;254;253;253;48;2;252;238;238m▆[48;2;249;237;235m▆[38;2;254;248;248;48;2;225;211;209m▇[38;2;250;240;238;48;2;192;190;177m▇[38;2;241;229;224;48;2;169;169;155m▇[38;2;211;208;195;48;2;45;45;41m▆[0m[38;2;168;168;153m▄[38;2;53;53;48m▖             [0m
 [38;2;0;0;0m           [38;2;72;72;66m▗[38;2;80;80;74;48;2;228;227;221m▘[38;2;253;252;252;48;2;254;254;254m▚[38;2;196;183;183;48;2;251;247;247m▁[38;2;127;119;119;48;2;248;243;243m▁[38;2;253;243;243;48;2;254;253;253m▃[48;2;254;254;254m [38;2;254;253;253m▗[38;2;253;241;241;48;2;254;253;253m▂[38;2;96;89;89;48;2;247;242;242m▁[38;2;237;224;224;48;2;254;251;251m▂[38;2;254;249;249;48;2;254;239;239m▖[38;2;235;227;218;48;2;252;236;236m▝[38;2;199;199;182;48;2;222;220;205m▝[38;2;134;134;122;48;2;189;189;172m▝[0m[38;2;139;139;126m▖            [0m
 [38;2;0;0;0m         [0m [38;2;190;179;177m▗[38;2;89;83;83;48;2;232;221;216m▘[38;2;249;236;233;48;2;254;251;251m▘[38;2;254;244;244;48;2;254;253;253m▝[38;2;43;41;41;48;2;221;217;217m▝[38;2;236;236;236;48;2;69;68;68m▃[38;2;235;234;234;48;2;253;252;252m▏[48;2;254;254;254m [38;2;254;253;253m▝[38;2;220;207;207;48;2;253;250;250m▝[38;2;231;231;231;48;2;43;42;42m▃[38;2;82;79;79;48;2;239;239;239m▘[38;2;254;253;253;48;2;254;245;245m▊[38;2;254;238;238;48;2;254;237;237m▏[38;2;239;229;223;48;2;220;220;203m▎[38;2;215;215;198;48;2;193;193;176m▌[38;2;107;107;97;48;2;178;178;164m▝[0m[38;2;142;142;129m▖           [0m
 [38;2;0;0;0m         [0m [7m[38;2;179;173;165m▆[0m[38;2;121;121;111;48;2;226;221;211m▎[38;2;254;242;242;48;2;254;252;252m▌[48;2;254;254;254m         [38;2;254;238;238;48;2;254;250;250m▗[48;2;254;237;237m [38;2;239;229;223;48;2;219;218;202m▎[38;2;198;198;181;48;2;187;187;170m▎[38;2;160;160;153;48;2;82;82;80m▊[0m[7m[38;2;113;113;110m▄[0m [38;2;24;24;24m          [0m
 [38;2;0;0;0m          [38;2;97;97;89m▗[38;2;133;133;122;48;2;232;225;215m▘[38;2;250;241;240;48;2;253;251;251m▂[38;2;243;237;232;48;2;253;253;253m▖[38;2;250;244;243;48;2;254;253;253m▁[38;2;253;251;250;48;2;254;254;254m▖[38;2;254;253;253m▁[38;2;254;252;252m▁[38;2;253;250;250;48;2;254;253;253m▁[38;2;251;241;240;48;2;253;253;253m▖[38;2;254;249;249;48;2;254;254;254m▗[38;2;231;226;215;48;2;251;248;247m▃[38;2;251;242;241;48;2;237;228;220m▊[38;2;218;217;201;48;2;243;231;226m▅[38;2;230;225;213;48;2;216;216;199m▘[38;2;194;194;178;48;2;174;174;163m▋[38;2;151;151;147;48;2;138;138;125m▍[0m[7m[38;2;92;92;80m▝[0m [38;2;20;20;17m          [0m
 [38;2;0;0;0m          [38;2;37;37;34;48;2;164;164;151m▋[38;2;206;206;189;48;2;222;221;205m▖[38;2;234;227;217;48;2;244;232;227m▎[38;2;238;230;222;48;2;252;244;244m▅[38;2;229;225;212;48;2;244;233;228m▝[38;2;247;235;232;48;2;253;247;247m▍[38;2;253;249;249;48;2;245;234;230m▘[38;2;251;251;250;48;2;245;235;231m▝[38;2;253;252;252;48;2;238;234;226m▘[38;2;229;224;213;48;2;245;233;229m▘[38;2;235;227;218;48;2;250;238;236m━[38;2;243;231;226;48;2;224;222;207m▌[38;2;220;220;203;48;2;221;221;204m▇[38;2;201;201;184;48;2;218;218;201m▝[38;2;183;183;167;48;2;196;196;179m▚[38;2;208;208;191;48;2;179;179;165m▘[38;2;155;155;153;48;2;140;140;128m▋[38;2;91;91;79;48;2;11;11;9m▍[0m [38;2;0;0;0m          [0m
 [38;2;0;0;0m         [0m [38;2;31;31;31;48;2;154;154;142m▖[38;2;208;208;191;48;2;187;187;170m▝[38;2;196;196;179;48;2;228;224;211m▄[38;2;213;213;196;48;2;240;230;224m▅[38;2;235;227;218;48;2;219;219;203m▘[38;2;197;197;180;48;2;232;225;215m▃[38;2;222;220;205;48;2;241;230;224m▅[38;2;237;228;220;48;2;253;236;236m▂[38;2;222;220;205;48;2;245;232;228m▄[38;2;196;196;179;48;2;222;219;205m▅[38;2;192;192;175;48;2;241;229;224m▅[38;2;188;188;173;48;2;219;218;202m▃[38;2;177;177;165;48;2;215;215;198m▅[38;2;186;186;171;48;2;216;216;199m▃[38;2;192;192;177;48;2;161;161;156m▍[38;2;151;151;151;48;2;160;160;156m▇[38;2;149;149;146;48;2;138;138;126m▋[38;2;46;46;39;48;2;130;130;113m▝[0m[38;2;40;40;34m▏          [0m
 [38;2;0;0;0m          [38;2;142;142;141;48;2;22;22;22m▝[38;2;0;0;0;48;2;148;148;145m▂[38;2;9;9;9;48;2;157;157;149m▂[38;2;76;76;76;48;2;175;175;162m▁[38;2;109;109;109;48;2;187;187;171m▂[38;2;80;80;80;48;2;176;176;163m▁[38;2;109;109;109;48;2;188;188;173m▂[48;2;200;198;185m▂[48;2;188;188;173m▂[38;2;80;80;80;48;2;171;171;160m▁[38;2;79;79;79;48;2;160;160;155m▁[38;2;21;21;21;48;2;145;145;144m▂[38;2;0;0;0;48;2;141;141;140m▂[48;2;135;135;127m▂[48;2;130;130;119m▂[0m[7m[38;2;123;123;110m▂[38;2;125;125;109m▄[38;2;122;122;106m▄[0m[38;2;38;38;33m▏          [0m
 [38;2;0;0;0m                                       [0m
 [38;2;0;0;0m                                       [0m
 [38;2;0;0;0m                                       [0m
 [38;2;0;0;0m                                       [0m
 [38;2;0;0;0m                                       [0m
