[0m [38;2;0;0;0m                                       [0m
 [38;2;0;0;0m             [0m [38;2;17;172;0m▃[38;2;14;187;0m▄[38;2;104;205;80m▃[0m [38;2;42;43;42m                     [0m
 [38;2;0;0;0m            [38;2;12;110;0m▗[7m[38;2;24;203;0m▘[0m[38;2;19;210;0;48;2;2;154;0m▘[38;2;0;142;0;48;2;5;175;0m▖[38;2;20;198;0;48;2;74;249;20m▋[0m[7m[38;2;177;234;149m▝[0m[38;2;98;98;98m▖                    [0m
 [38;2;0;0;0m         [38;2;15;152;0m▁[38;2;29;236;0m▃[38;2;26;222;0m▅[38;2;6;149;0;48;2;21;215;0m▁[38;2;3;148;0;48;2;15;202;0m▅[38;2;1;159;0;48;2;0;126;0m▚[38;2;15;214;0;48;2;9;183;0m┆[38;2;16;192;0;48;2;22;221;0m▉[38;2;148;254;99;48;2;45;235;3m▝[38;2;130;254;77;48;2;203;222;190m▖[0m[38;2;198;199;195m▄[0m [38;2;74;74;74m                  [0m
 [38;2;0;0;0m    [0m [38;2;22;193;0m▂[38;2;30;238;0m▃[38;2;25;227;0m▅[38;2;20;202;0m▇[38;2;4;155;0;48;2;29;237;0m▄[38;2;1;135;0;48;2;23;217;0m▅[38;2;0;125;0;48;2;7;172;0m▅[38;2;0;129;0;48;2;3;166;0m▇[38;2;6;180;0;48;2;0;129;1m▃[38;2;17;216;0;48;2;5;165;0m▃[38;2;36;220;0;48;2;16;193;0m▃[38;2;64;248;1;48;2;24;203;0m▄[38;2;83;253;12;48;2;35;210;0m▆[38;2;70;254;2;48;2;123;254;59m▘[38;2;242;254;232;48;2;186;254;153m▝[38;2;243;247;240;48;2;154;154;154m▇[0m[38;2;246;246;246m▄[38;2;160;160;160m▂                [0m
 [38;2;0;0;0m [0m [38;2;25;203;0m▄[38;2;27;230;0m▆[38;2;5;155;0;48;2;26;222;0m▃[38;2;1;125;0;48;2;26;234;0m▅[38;2;0;103;0;48;2;10;173;0m▅[38;2;0;110;0;48;2;2;160;0m▆[0m[7m[38;2;0;129;0m┄[0m[38;2;2;162;0;48;2;0;123;0m▃[38;2;15;240;0;48;2;2;152;0m▁[38;2;14;208;0;48;2;1;151;0m▄[38;2;10;125;0;48;2;11;195;0m┄[38;2;15;179;0;48;2;19;217;0m┚[38;2;43;254;0;48;2;25;206;0m▄[38;2;95;254;13;48;2;67;251;1m▗[38;2;119;254;54;48;2;100;254;24m▗[38;2;200;254;172;48;2;137;254;79m▗[38;2;247;254;242;48;2;196;254;166m▆[38;2;253;254;253;48;2;246;254;239m▇[38;2;254;254;253;48;2;254;254;254m╲ [38;2;246;254;239;48;2;253;253;252m▂[0m[7m[38;2;236;237;235m▝[0m[38;2;144;144;144m▖              [0m
 [38;2;21;173;0m▗[38;2;13;131;0;48;2;31;245;0m▘[38;2;60;106;4;48;2;22;212;0m▗[38;2;243;222;55;48;2;43;65;0m▂[38;2;99;85;0;48;2;230;219;76m▝[38;2;195;169;32;48;2;0;47;0m▂[38;2;2;152;0;48;2;0;117;0m▄[38;2;9;196;0;48;2;1;154;0m▗[38;2;12;195;0;48;2;3;174;0m▅[38;2;16;212;0;48;2;15;187;0m╋[38;2;19;210;0;48;2;15;154;0m▇[38;2;28;244;0;48;2;16;197;0m▆[38;2;32;254;0;48;2;19;237;0m▆[38;2;29;221;0;48;2;32;252;0m▁[38;2;47;89;0;48;2;57;248;0m▂[38;2;95;99;13;48;2;96;254;19m▂[38;2;109;241;44;48;2;129;253;70m▌[38;2;199;254;169;48;2;154;254;102m▝[38;2;213;254;187;48;2;248;254;244m▖[38;2;251;254;247;48;2;254;254;253m▁[48;2;254;254;254m [38;2;242;254;233;48;2;253;254;253m▁[38;2;251;254;246;48;2;209;254;180m▘[38;2;179;254;135;48;2;233;254;217m▅[38;2;197;254;167;48;2;237;247;231m▖[0m[38;2;222;224;219m▖             [0m
[38;2;44;64;35m▗[38;2;90;195;45;48;2;48;253;1m▎[38;2;25;231;0;48;2;5;160;0m▌[38;2;3;80;0;48;2;87;156;8m▇[38;2;40;43;0;48;2;243;223;55m▆[38;2;99;90;0;48;2;230;219;76m▗[38;2;0;74;0;48;2;195;170;32m▆[38;2;12;142;0;48;2;5;179;0m╲[38;2;14;171;0;48;2;14;197;0m┓[38;2;17;220;0;48;2;15;186;0m╊[38;2;33;249;0;48;2;18;202;0m▗[38;2;31;233;0;48;2;31;254;0m▘[38;2;32;254;0;48;2;33;254;0m▃[48;2;27;218;0m▋[38;2;195;185;37;48;2;8;85;0m▃[38;2;0;0;0;48;2;201;185;47m▘[38;2;42;29;0;48;2;239;231;90m▝[38;2;233;212;52;48;2;22;44;12m▃[38;2;122;193;53;48;2;148;254;93m▎[38;2;232;254;221;48;2;178;254;136m▗[38;2;178;254;136;48;2;223;254;203m━[38;2;164;254;116;48;2;242;254;228m▆[38;2;162;254;115;48;2;205;254;175m▆[38;2;234;254;220;48;2;183;254;142m▄[38;2;253;254;252;48;2;187;254;145m▅[38;2;252;254;251;48;2;177;254;138m▖[38;2;149;254;95;48;2;209;236;192m▖[0m[38;2;102;109;97m▏            [0m
[7m[38;2;178;215;158m▋[0m[38;2;146;254;92;48;2;44;222;3m▍[38;2;12;191;0;48;2;0;130;0m▌[38;2;0;88;0;48;2;0;62;0m▎[38;2;0;68;0;48;2;0;91;0m▌[38;2;0;149;0;48;2;0;119;1m▁[38;2;5;202;0;48;2;2;159;0m▝[38;2;10;135;0;48;2;12;178;0m▝[38;2;7;115;0;48;2;16;194;0m━[38;2;12;139;0;48;2;16;188;0m▍[38;2;22;166;0;48;2;28;233;0m▃[38;2;13;148;0;48;2;23;213;0m╍[38;2;12;146;0;48;2;19;205;0m╌[38;2;21;173;0;48;2;29;240;0m┄[38;2;21;206;0;48;2;30;77;0m▃[38;2;37;54;0;48;2;191;176;9m▋[38;2;211;198;47;48;2;42;51;0m▋[38;2;67;225;1;48;2;44;59;1m▂[38;2;70;192;13;48;2;107;251;37m▏[38;2;115;254;47;48;2;196;254;164m▅[38;2;121;254;57;48;2;204;254;176m▅[38;2;109;254;40;48;2;143;254;86m▃[38;2;109;254;37;48;2;147;254;92m▄[38;2;106;254;33;48;2;206;254;174m▄[38;2;100;254;38;48;2;239;254;229m▄[38;2;221;254;203;48;2;74;218;30m▘[38;2;69;254;7;48;2;139;254;79m▋[0m[38;2;158;233;112m▎            [0m
[7m[38;2;202;211;194m▊[0m[38;2;196;254;164;48;2;78;218;24m▌[38;2;18;194;0;48;2;2;156;0m▌[38;2;0;122;0;48;2;0;79;0m▎[38;2;0;66;0m▋[38;2;0;91;0;48;2;0;115;0m▖[38;2;4;175;0;48;2;0;144;0m▝[38;2;4;165;0;48;2;10;189;0m▂[38;2;16;218;0;48;2;15;187;0m╱[38;2;15;180;0;48;2;16;205;0m╍[38;2;17;181;0;48;2;18;212;0m┇[38;2;17;223;0;48;2;16;191;0m┮[38;2;17;221;0;48;2;15;195;0m┅[38;2;17;185;0;48;2;21;220;0m╋[38;2;19;202;0;48;2;31;249;0m▃[38;2;32;248;0;48;2;21;217;0m▇[38;2;33;253;0;48;2;33;218;0m▇[38;2;36;254;0;48;2;60;253;0m▆[38;2;44;254;0;48;2;81;254;3m▅[38;2;49;254;0;48;2;89;254;9m▄[38;2;48;254;0;48;2;89;254;10m▃[38;2;44;254;0;48;2;86;254;9m▃[38;2;43;251;0;48;2;81;254;4m▄[38;2;26;210;0;48;2;57;254;0m▃[38;2;43;247;0;48;2;15;175;0m▘[38;2;6;167;0;48;2;21;209;0m▖[38;2;55;254;2;48;2;132;254;73m▋[0m[38;2;132;204;91m▎      [38;2;71;180;41m▃[38;2;234;238;232m▄[38;2;197;217;188m▃[0m [38;2;11;44;0m  [0m
 [7m[38;2;196;238;174m▖[0m[38;2;139;251;84;48;2;42;203;5m▖[38;2;0;111;0;48;2;3;164;0m▝[38;2;0;113;0;48;2;0;77;0m▃[38;2;0;81;0;48;2;0;99;0m▊[38;2;0;130;0;48;2;0;103;0m▝[38;2;0;122;0;48;2;1;165;0m▄[38;2;0;144;0;48;2;9;183;0m▂[38;2;7;138;0;48;2;14;194;0m▁[38;2;18;225;0;48;2;14;186;0m┋[38;2;19;227;0;48;2;15;194;0m╊[38;2;13;153;0;48;2;16;200;0m┋[38;2;10;147;0;48;2;16;198;0m┘[38;2;13;156;0m─[38;2;17;219;0;48;2;16;188;0m┚[38;2;16;192;0;48;2;26;254;0m▇[38;2;15;195;0;48;2;32;254;0m▆[38;2;16;199;0;48;2;31;253;0m▅[38;2;17;201;0;48;2;33;254;0m▅[38;2;8;121;0;48;2;23;220;0m┄[38;2;16;191;0;48;2;32;249;0m▆[38;2;17;197;0;48;2;13;155;0m▉[38;2;3;161;0;48;2;16;193;0m▃[38;2;14;197;0;48;2;3;144;0m▇[38;2;78;254;18;48;2;31;241;0m▗[38;2;59;93;40;48;2;119;249;61m▗[0m [38;2;36;56;24m     [7m[38;2;1;117;0m▋[0m[38;2;71;245;20;48;2;13;194;0m▝[38;2;39;213;8;48;2;219;254;201m▅[38;2;26;190;3;48;2;172;245;140m▅[0m[38;2;11;164;0m▌  [0m
  [7m[38;2;178;222;156m▃[0m[38;2;186;249;155;48;2;55;203;17m▃[38;2;62;226;12;48;2;5;163;0m▂[38;2;3;158;0;48;2;0;105;0m▄[38;2;0;159;0;48;2;0;107;0m▁[38;2;0;124;0m▂[38;2;0;113;0;48;2;0;161;0m▇[38;2;0;128;0;48;2;3;215;0m▇[38;2;0;132;0;48;2;6;193;0m▅[38;2;0;135;0;48;2;9;173;0m▃[38;2;1;147;0;48;2;15;205;0m▄[38;2;3;165;0;48;2;17;211;0m▄[38;2;13;227;0;48;2;10;176;0m─[38;2;0;131;0;48;2;12;187;0m▁[38;2;7;171;0;48;2;16;206;0m▄[38;2;18;218;0;48;2;10;172;0m┸[38;2;0;154;0;48;2;14;186;0m▂[38;2;1;149;0;48;2;15;186;0m▃[38;2;0;143;0;48;2;13;188;0m▃[38;2;1;141;0;48;2;9;183;0m╍[38;2;2;131;0;48;2;9;184;0m▘[38;2;42;232;2;48;2;11;188;0m▃[38;2;132;252;76;48;2;48;246;6m▃[0m[7m[38;2;122;220;73m▗[0m [38;2;63;96;44m      [0m [7m[38;2;0;111;0m▄[38;2;0;132;0m▃[38;2;0;127;0m▄[0m [38;2;0;36;0m  [0m
 [38;2;0;0;0m  [7m[38;2;140;143;139m▆[38;2;175;221;152m▃[0m[38;2;155;187;138;48;2;50;208;11m▅[38;2;185;249;153;48;2;28;187;4m▃[38;2;151;254;101;48;2;19;176;3m▁[38;2;24;196;1;48;2;0;145;0m▃[38;2;7;187;0;48;2;0;139;0m▃[38;2;2;166;0;48;2;0;117;0m▆[38;2;4;176;0;48;2;0;128;0m▄[38;2;3;164;0;48;2;0;116;0m▅[38;2;3;174;0;48;2;0;126;0m▄[38;2;6;192;0;48;2;0;129;0m▃[38;2;6;184;0;48;2;0;134;0m▄[38;2;7;185;0;48;2;0;136;0m▄[38;2;9;188;0;48;2;0;137;0m▅[38;2;13;198;0;48;2;0;120;0m▆[38;2;19;207;0;48;2;1;145;0m▆[38;2;42;251;0;48;2;14;195;0m▃[38;2;49;243;3;48;2;14;181;0m▆[0m[7m[38;2;62;243;13m▂[38;2;118;245;58m▄[38;2;103;161;71m▆[0m[38;2;4;6;3m               [0m
 [38;2;0;0;0m     [7m[38;2;148;148;147m▇[38;2;231;247;220m▆[38;2;160;231;128m▅[38;2;100;215;65m▄[38;2;68;213;33m▄[38;2;42;215;8m▄[38;2;30;207;0m▃[38;2;26;225;0m▃[38;2;28;225;0m▃[38;2;38;232;6m▃[38;2;64;234;32m▃[38;2;48;245;12m▄[38;2;30;221;0m▄[38;2;47;234;0m▅[38;2;63;193;4m▆[0m [38;2;0;0;0m                  [0m
