[0m [38;2;0;0;0m                                       [0m
 [38;2;0;0;0m         [38;2;66;9;25m▁[38;2;174;44;79m▂[38;2;197;90;120m▃[38;2;174;87;112m▂[38;2;71;21;35m▁[38;2;137;55;76;48;2;0;0;0m▆[0m[38;2;189;46;83m▄[38;2;79;17;35;48;2;221;60;105m▘[0m[38;2;180;42;81m▄[38;2;112;33;56;48;2;224;72;118m▚[0m[38;2;89;24;44m▏[38;2;106;37;57m▁[38;2;219;97;129m▂[38;2;197;70;105m▃[38;2;179;43;80m▁[0m [38;2;25;2;9m              [0m
 [38;2;0;0;0m        [38;2;50;2;13m▗[38;2;144;25;56;48;2;237;59;105m▘[38;2;221;123;94;48;2;244;68;115m▃[38;2;198;124;91;48;2;239;59;104m▃[38;2;171;32;69;48;2;238;88;128m━[38;2;238;92;131;48;2;146;44;71m▅[38;2;250;103;144;48;2;201;87;118m▇[38;2;254;114;150;48;2;245;72;121m▃[38;2;254;103;143;48;2;230;50;97m▄[38;2;254;91;136;48;2;236;45;94m▃[38;2;222;35;82;48;2;246;55;105m▝[38;2;239;52;100;48;2;93;13;35m▅[38;2;250;73;120;48;2;181;68;100m▇[38;2;217;124;90;48;2;242;67;107m▂[38;2;211;150;91;48;2;239;58;103m▃[38;2;220;107;93;48;2;249;75;120m▖[38;2;201;40;82;48;2;54;4;17m▋[0m [38;2;17;0;4m             [0m
 [38;2;0;0;0m      [0m  [7m[38;2;145;9;46m▋[0m[38;2;221;35;82;48;2;248;74;118m▍[38;2;201;83;115;48;2;210;150;100m▃[38;2;183;95;99;48;2;241;113;146m▘[38;2;254;134;168;48;2;249;118;151m▗[48;2;253;119;153m▅[48;2;254;120;154m▅[38;2;254;131;165;48;2;254;120;153m▃[38;2;254;123;157;48;2;254;118;152m▂[38;2;252;116;150m▁[38;2;250;114;147;48;2;244;97;135m▂[38;2;254;60;111;48;2;253;87;135m▝[38;2;254;69;119;48;2;254;51;102m▖[38;2;254;101;133;48;2;247;189;153m▖[38;2;254;115;150;48;2;247;210;160m▁[38;2;219;168;100;48;2;243;115;126m▘[38;2;245;54;103;48;2;168;15;56m▋[0m[38;2;104;4;31m▏             [0m
 [38;2;0;0;0m      [0m   [7m[38;2;167;15;55m▅[0m[38;2;112;30;51;48;2;222;110;140m▍[38;2;250;129;159;48;2;238;103;135m▎[38;2;252;119;152;48;2;254;131;165m▆[38;2;254;118;152;48;2;254;133;167m▆▆[48;2;254;128;162m▆[48;2;254;120;154m▇[38;2;238;96;130;48;2;253;120;153m▝[38;2;196;100;120;48;2;251;111;145m▁[38;2;254;88;137;48;2;253;114;150m▝[38;2;254;81;131;48;2;254;56;106m▊[38;2;197;22;66;48;2;252;65;115m▗[38;2;161;10;45;48;2;250;82;130m▄[38;2;44;2;12;48;2;229;46;94m▄[0m[38;2;158;18;54m▘              [0m
 [38;2;0;0;0m        [0m  [38;2;46;24;30;48;2;204;78;115m▎[38;2;223;84;117;48;2;59;33;39m▃[38;2;249;236;218;48;2;234;132;153m▃[38;2;240;232;210;48;2;212;117;132m▖[38;2;145;70;46;48;2;224;121;124m▖[38;2;249;201;153;48;2;253;109;141m▅[38;2;247;185;138;48;2;252;111;140m▄[38;2;245;114;138;48;2;173;79;106m▊[38;2;224;54;101;48;2;67;35;43m▃[38;2;241;139;159;48;2;252;85;131m▘[38;2;254;55;106;48;2;254;74;124m▅[38;2;241;43;93;48;2;203;18;67m▋[38;2;17;0;1;48;2;146;4;36m▝[0m [38;2;6;0;0m  [0m [38;2;96;96;96m            [0m
 [38;2;0;0;0m     [0m  [38;2;0;0;0m  [7m[38;2;113;42;63m▊[0m[38;2;203;84;118;48;2;251;107;146m▏[38;2;254;116;150;48;2;254;204;187m▋[38;2;254;228;193;48;2;254;238;206m▖[38;2;250;232;198;48;2;248;173;145m▊[38;2;241;109;75;48;2;246;203;161m▘[38;2;254;237;203;48;2;254;234;198m▇[38;2;253;230;194;48;2;253;213;167m▊[38;2;244;186;133;48;2;249;112;124m▋[38;2;254;80;129;48;2;254;106;145m▖[38;2;254;102;143;48;2;254;115;150m▁[38;2;254;95;138;48;2;254;62;112m▌[38;2;248;48;97;48;2;207;19;70m▋[38;2;186;10;57;48;2;114;0;18m▋[38;2;186;154;138;48;2;82;57;42m▝[0m[7m[38;2;142;114;99m▝[0m[38;2;107;86;76m▖             [0m
 [38;2;0;0;0m         [0m [38;2;231;63;109m▝[38;2;85;10;30;48;2;227;104;109m▖[38;2;160;94;65;48;2;246;185;117m━[38;2;198;78;58;48;2;253;199;164m▄[38;2;196;80;58m▄[38;2;209;136;81;48;2;253;219;178m▅[38;2;200;142;49;48;2;244;197;149m▅[38;2;185;18;58;48;2;223;83;89m▆[38;2;209;21;72;48;2;246;52;102m▄[38;2;191;16;62;48;2;252;68;118m▃[38;2;127;3;27;48;2;241;55;104m▃[38;2;122;66;66;48;2;204;23;70m▃[38;2;174;142;126;48;2;84;15;23m▃[38;2;177;144;127;48;2;39;23;15m▃[38;2;151;119;99;48;2;93;62;40m▄[38;2;140;112;93;48;2;21;17;14m▋[0m [38;2;3;1;1m            [0m
 [38;2;0;0;0m           [7m[38;2;191;154;55m▋[0m[38;2;148;81;6;48;2;245;165;40m▂[38;2;139;66;0;48;2;195;105;7m╹[38;2;250;172;36;48;2;170;86;3m▘[38;2;241;155;44;48;2;195;117;10m▝[38;2;132;45;6;48;2;227;133;15m▂[38;2;123;21;18;48;2;180;9;53m▍[38;2;226;69;114;48;2;181;17;61m▗[38;2;241;56;104;48;2;143;4;37m▆[38;2;208;23;72;48;2;125;7;38m▆[38;2;179;148;132;48;2;98;36;39m▝[38;2;118;86;62;48;2;165;131;110m▖[38;2;168;135;117;48;2;148;115;87m▅[38;2;85;53;30;48;2;164;131;113m▃[38;2;74;42;15;48;2;180;147;131m▃[38;2;195;161;145;48;2;104;81;68m━[0m[38;2;181;150;135m▄[38;2;113;93;84m▖[0m [38;2;1;0;0m         [0m
 [38;2;0;0;0m          [38;2;237;138;109;48;2;59;22;26m▗[38;2;225;75;98;48;2;81;26;42m▇[38;2;149;48;37;48;2;228;146;0m▌[38;2;219;102;0;48;2;142;36;26m▌[38;2;215;35;78;48;2;127;46;23m▊[38;2;167;104;0;48;2;230;128;0m▏[38;2;125;45;5;48;2;164;12;46m▍[38;2;243;151;124;48;2;182;48;74m▗[38;2;249;107;111;48;2;246;62;109m▖[38;2;171;10;53;48;2;229;36;85m▗[38;2;131;0;25;48;2;173;9;52m▖[38;2;189;13;62;48;2;86;5;20m▋[38;2;124;11;38;48;2;74;49;35m▅[38;2;78;50;32;48;2;165;134;119m▄[38;2;149;120;106;48;2;48;29;21m▅[0m[38;2;138;110;97m▃[38;2;170;140;125;48;2;44;25;12m▁[38;2;96;65;43;48;2;147;116;100m▌[38;2;194;161;145;48;2;165;135;120m▊[0m[38;2;109;85;72m▍         [0m
 [38;2;0;0;0m          [38;2;189;147;92m▝[7m[38;2;222;166;107m▅[38;2;134;78;20m▅[38;2;153;30;37m▃[0m[38;2;249;52;102;48;2;217;42;86m╋[38;2;179;18;57;48;2;184;94;13m▆[38;2;121;0;24;48;2;171;16;48m▂[38;2;153;33;50;48;2;203;116;107m▋[38;2;161;69;73;48;2;239;131;126m━[38;2;239;51;101;48;2;182;22;60m▃[38;2;214;25;75;48;2;171;7;49m▖[0m[38;2;116;17;42m▍[7m[38;2;71;37;49m▆[0m[38;2;52;29;8m▝[7m[38;2;78;47;20m▅[0m[38;2;36;20;6;48;2;150;121;107m▆[38;2;37;21;7;48;2;154;124;110m▆▆[38;2;24;13;3;48;2;110;80;61m▆[0m[38;2;19;9;2m▘         [0m
 [38;2;0;0;0m              [38;2;225;76;115;48;2;60;22;33m▝[38;2;207;22;71;48;2;238;59;103m▝[38;2;225;35;83;48;2;156;5;41m▖[38;2;138;53;73;48;2;114;0;21m▝[38;2;143;53;74;48;2;243;103;140m▖[38;2;254;64;114;48;2;254;83;133m▝[38;2;213;25;75;48;2;246;50;100m▝[38;2;207;102;87;48;2;99;6;31m▃[0m [38;2;45;35;21m                [0m
 [38;2;0;0;0m              [0m [38;2;207;119;106m▝[7m[38;2;206;124;100m▄[38;2;179;107;80m▄[38;2;124;63;64m▅[38;2;219;137;123m▄[38;2;215;125;101m▄[38;2;203;154;99m▄[0m [38;2;61;48;29m                [0m
 [38;2;0;0;0m                                       [0m
 [38;2;0;0;0m                                       [0m
 [38;2;0;0;0m                                       [0m
 [38;2;0;0;0m                                       [0m
 [38;2;0;0;0m                                       [0m
