[0m [38;2;0;0;0m                     [0m  [38;2;1;1;1m                [0m
 [38;2;0;0;0m                 [0m  [38;2;94;213;119m▅[38;2;118;236;150m▅[38;2;78;166;94m▄[0m [38;2;0;1;0m                [0m
 [38;2;0;0;0m               [0m   [7m[38;2;133;226;85m▘[0m[38;2;150;250;102;48;2;197;252;170m▚[38;2;160;247;79;48;2;218;252;210m▄[38;2;186;251;139;48;2;108;188;75m┛[0m[38;2;117;238;122m▄[38;2;104;227;149m▅[38;2;61;177;115m▖[0m  [38;2;71;81;34m    [0m  [38;2;27;27;27m      [0m
 [38;2;0;0;0m             [0m [38;2;134;228;86m▆[38;2;225;253;202;48;2;126;219;78m▄[38;2;191;251;111;48;2;171;240;64m▖[0m[7m[38;2;178;247;61m▘[0m[38;2;187;253;46;48;2;203;252;124m▗[0m[7m[38;2;159;216;51m▗[0m[38;2;127;176;25m▗[7m[38;2;176;250;86m▘[0m[38;2;218;253;211;48;2;165;250;96m▝[38;2;156;250;101;48;2;202;251;206m▄[38;2;194;245;112;48;2;85;195;115m▅[0m [38;2;63;82;27m             [0m
 [38;2;0;0;0m             [7m[38;2;127;195;48m▋[0m[38;2;212;251;155;48;2;177;250;84m▗[38;2;174;234;50;48;2;226;253;195m▆[0m[7m[38;2;174;240;32m▖[0m[38;2;192;251;54;48;2;223;253;163m▋[38;2;200;251;65;48;2;150;194;42m▉[0m[7m[38;2;157;199;45m▋[0m[38;2;216;251;145;48;2;193;251;51m▗[38;2;210;252;134;48;2;179;239;55m▘[0m[38;2;150;212;37m▘[38;2;158;207;62m▄[38;2;182;249;125m▅[38;2;130;232;102m▅[0m [38;2;39;81;33m  [0m [38;2;24;24;24m   [0m [38;2;50;50;50m     [0m
 [38;2;0;0;0m           [0m  [7m[38;2;167;231;43m▘[0m[38;2;190;244;82;48;2;210;246;151m▌[38;2;232;249;206;48;2;178;244;32m▃[38;2;225;247;190;48;2;177;244;23m▄[38;2;183;245;38;48;2;222;248;178m▘[38;2;230;249;204;48;2;178;243;38m▄[38;2;235;250;217;48;2;175;243;37m▄[38;2;230;249;214;48;2;191;246;89m▄[38;2;233;250;219;48;2;169;242;43m▃[0m[38;2;180;239;92m▆[38;2;210;246;163;48;2;176;240;74m┍[38;2;160;238;59;48;2;216;251;174m▅[38;2;95;124;39;48;2;153;227;75m▗[0m[38;2;158;180;84m╺[38;2;136;157;60m▖   [0m [38;2;26;26;26m [0m [38;2;13;13;13m     [0m
 [38;2;0;0;0m   [0m [38;2;21;21;21m    [0m  [38;2;102;127;46m▄[38;2;167;235;94;48;2;139;161;60m▆[38;2;185;229;164;48;2;151;225;60m▄[38;2;217;243;198;48;2;173;227;141m━[38;2;147;221;132;48;2;220;244;197m▃[38;2;170;228;146;48;2;221;245;189m▅[38;2;153;222;129;48;2;198;239;149m▅[38;2;148;223;129;48;2;184;234;132m▅[38;2;151;224;152;48;2;182;234;145m▄[38;2;120;213;149;48;2;189;237;170m▃[38;2;140;226;178;48;2;194;240;191m▂[38;2;184;238;202;48;2;218;246;209m▅[38;2;192;240;209;48;2;225;248;219m▄[38;2;218;246;221;48;2;208;242;178m▇[38;2;215;244;214;48;2;148;230;81m▆[38;2;195;235;209;48;2;170;236;120m▂[0m[7m[38;2;130;205;98m▝[0m[38;2;94;138;56m▁[0m   [38;2;32;32;32m        [0m
 [38;2;0;0;0m     [0m [38;2;19;19;19m  [0m [38;2;14;117;172m▁[7m[38;2;117;220;139m▘[0m[38;2;116;223;123;48;2;183;239;203m▘[38;2;182;237;196;48;2;144;229;184m▘[38;2;100;205;152;48;2;64;178;123m▍[38;2;64;176;125;48;2;108;214;164m▌[38;2;109;219;188;48;2;119;216;155m▄[38;2;56;209;175;48;2;115;217;171m▁[38;2;116;221;193;48;2;124;216;164m▅[38;2;138;227;208;48;2;141;223;181m▅[38;2;134;221;195;48;2;60;185;151m▏[38;2;56;191;160;48;2;155;233;219m▋[38;2;166;238;235;48;2;164;237;218m▃[38;2;169;239;234;48;2;173;238;221m▃[38;2;179;240;232;48;2;186;239;220m▅[38;2;196;242;235;48;2;203;242;223m▆[38;2;212;244;240;48;2;224;247;242m▋[38;2;137;232;174;48;2;205;244;235m▝[38;2;52;124;81;48;2;101;234;175m▝[0m[38;2;123;245;154m▄[38;2;72;165;87m▖       [0m [38;2;21;21;21m [0m
 [38;2;0;0;0m     [0m [38;2;58;58;58m [0m [7m[38;2;27;151;219m▎[0m[38;2;200;233;246;48;2;19;167;249m▅[38;2;173;230;228;48;2;87;207;207m▃[38;2;142;231;215;48;2;199;242;234m▖[38;2;209;244;240;48;2;161;236;219m▄[38;2;191;242;237;48;2;131;230;208m▄[38;2;188;242;236;48;2;127;227;211m▄[38;2;185;241;238;48;2;133;228;215m▄[38;2;188;241;238;48;2;135;229;219m▄[38;2;190;241;240;48;2;146;233;224m▄[38;2;207;244;242;48;2;163;238;232m▃[38;2;198;243;241;48;2;125;226;222m▆[38;2;204;243;243;48;2;144;233;228m▆[38;2;214;245;246;48;2;179;241;237m▅[38;2;218;246;246;48;2;187;240;240m▅[38;2;226;248;248;48;2;203;243;243m▄[38;2;223;248;248;48;2;209;243;244m▅[38;2;235;251;252;48;2;220;246;246m▂[38;2;147;240;222;48;2;213;248;245m▗[38;2;109;238;189;48;2;191;249;194m▘[38;2;230;253;221;48;2;168;250;148m▅[38;2;223;252;211;48;2;139;242;86m▂[0m[38;2;175;243;70m▆[38;2;142;210;19m▅[38;2;114;165;39m▂[0m [38;2;18;32;6m     [0m
 [38;2;0;0;0m      [0m [38;2;132;212;199m▄[38;2;213;239;230;48;2;73;174;155m▆[38;2;202;235;236;48;2;135;211;227m▇[38;2;212;235;244;48;2;183;228;229m▂[38;2;169;223;227;48;2;138;219;216m▋[38;2;93;221;203;48;2;172;236;224m▋[38;2;221;249;242;48;2;117;223;207m▘[38;2;89;201;187;48;2;192;238;233m▆[38;2;86;199;178m▆[38;2;86;200;176;48;2;190;238;234m▆[38;2;70;191;163;48;2;195;239;235m▆[38;2;65;200;164;48;2;195;240;234m▆[38;2;113;224;186;48;2;196;246;232m▃[38;2;99;219;190;48;2;169;232;218m━[38;2;144;224;202;48;2;228;250;250m▇[38;2;150;225;212;48;2;231;249;251m▇[38;2;202;238;233;48;2;147;225;216m▃[38;2;154;224;208;48;2;233;252;252m▇[38;2;93;188;132;48;2;157;232;198m▂[38;2;148;217;162;48;2;173;236;169m▂[38;2;157;226;144;48;2;183;238;144m▄[38;2;155;223;133;48;2;184;242;144m▄[38;2;174;230;149;48;2;214;247;185m▅[38;2;181;232;161;48;2;231;249;212m▄[38;2;110;183;100;48;2;210;242;180m▂[38;2;200;241;177;48;2;147;226;49m▅[38;2;143;238;86;48;2;78;128;43m▆[0m[38;2;107;209;56m▖    [0m
 [38;2;0;0;0m    [0m [38;2;55;179;222m▗[38;2;45;145;164;48;2;196;232;241m▘[38;2;193;232;241;48;2;216;239;243m▗[38;2;184;227;240;48;2;200;233;239m▅[38;2;169;221;240;48;2;191;228;239m▆[38;2;161;218;239;48;2;226;244;249m▅[38;2;96;191;215;48;2;152;214;235m▗[38;2;49;175;204;48;2;136;208;222m━[38;2;145;213;224;48;2;110;199;215m▄[38;2;144;214;221;48;2;115;197;206m▂[38;2;140;213;215;48;2;99;188;191m▃[38;2;145;212;211;48;2;108;196;193m▃[38;2;154;214;213;48;2;113;198;193m▄[38;2;159;218;218;48;2;82;189;172m▆[38;2;199;232;236;48;2;160;218;209m▄[38;2;171;222;226;48;2;216;239;237m▗[38;2;142;215;207;48;2;167;230;219m▌[38;2;162;225;229;48;2;180;238;230m▝[38;2;156;228;228;48;2;179;235;234m━[38;2;157;226;218;48;2;65;186;158m▊[38;2;46;166;131;48;2;59;189;130m▇[38;2;58;172;136;48;2;144;222;196m▎[38;2;138;227;202;48;2;144;223;174m▄[38;2;124;224;188;48;2;130;219;158m▄[38;2;117;221;181;48;2;130;218;153m▅[38;2;125;220;166;48;2;85;185;129m▋[38;2;58;167;121;48;2;80;185;109m▆[38;2;84;187;130;48;2;151;227;180m▍[38;2;205;244;215;48;2;172;237;183m▚[38;2;143;234;165;48;2;107;226;90m▖[0m[38;2;71;159;58m▖   [0m
 [38;2;0;0;0m    [7m[38;2;9;111;151m▊[0m[38;2;50;176;223;48;2;219;241;249m▋[38;2;234;246;251;48;2;222;241;247m▍[38;2;216;242;246;48;2;202;235;243m▃[38;2;210;239;245;48;2;186;231;240m▄[38;2;208;239;244;48;2;178;226;240m▄[38;2;209;239;244;48;2;177;225;239m▄[38;2;210;239;244;48;2;178;226;240m▄[38;2;212;240;244;48;2;174;227;234m▅[38;2;217;240;246;48;2;176;226;234m▅[38;2;150;215;235;48;2;199;233;243m▁[38;2;85;195;212;48;2;197;232;241m▁[38;2;88;194;212;48;2;201;234;241m▂[38;2;107;202;223;48;2;208;236;242m▃[38;2;99;208;219;48;2;208;235;242m▄[38;2;152;218;234;48;2;235;246;249m▅[38;2;196;234;243;48;2;134;210;221m▅[38;2;176;233;234;48;2;206;242;242m▘[38;2;226;248;247;48;2;200;242;240m▄[38;2;221;246;248;48;2;195;242;239m▄[38;2;212;245;244;48;2;178;240;233m▅[38;2;204;243;239;48;2;59;198;181m▆[38;2;224;247;247;48;2;172;239;228m▃[38;2;252;253;253;48;2;174;239;228m▁[38;2;187;241;235;48;2;137;230;206m▅[38;2;179;240;231;48;2;131;227;196m▆[38;2;185;241;231;48;2;136;228;200m▅[38;2;182;240;230;48;2;64;183;148m▆[38;2;198;244;235;48;2;144;230;200m▅[38;2;179;240;218;48;2;218;246;239m▘[38;2;90;231;114;48;2;174;240;188m▝[0m[7m[38;2;117;214;65m▝[0m[38;2;92;170;30m▃[0m [38;2;5;10;1m [0m
 [38;2;0;0;0m   [38;2;201;201;201m╶[0m [7m[38;2;62;176;201m▖[0m[38;2;70;186;208;48;2;228;244;249m▃[38;2;61;184;214;48;2;225;242;247m▁[38;2;181;225;233;48;2;229;244;248m▁[38;2;102;205;221;48;2;228;244;249m▃[38;2;84;193;198;48;2;231;246;251m▅[38;2;88;199;160;48;2;194;231;243m▃[38;2;94;202;191;48;2;227;240;250m▇[38;2;113;213;173;48;2;90;196;221m▅[38;2;141;225;200;48;2;91;202;216m▅[38;2;173;234;219;48;2;87;202;197m▆[38;2;136;223;189;48;2;99;204;187m▇[38;2;105;184;154;48;2;151;224;196m▁[38;2;148;222;198;48;2;158;232;211m▖[38;2;156;234;221;48;2;136;231;232m▖[38;2;232;247;250;48;2;170;239;243m▝[38;2;130;232;233;48;2;238;250;250m▆[38;2;131;232;223;48;2;232;251;250m▆[38;2;146;236;222;48;2;243;254;253m▇[38;2;114;230;206;48;2;233;251;248m▇[38;2;74;225;199;48;2;196;245;239m▃[38;2;86;222;187;48;2;53;226;202m▆[38;2;94;222;186;48;2;60;225;196m▅[38;2;93;223;189;48;2;211;243;235m▇[38;2;116;226;192;48;2;229;248;244m▇[38;2;127;226;190;48;2;200;243;231m▆[38;2;137;230;194;48;2;233;250;249m▆[38;2;134;233;207;48;2;216;247;239m▆[38;2;170;236;209;48;2;220;248;238m▄[38;2;205;240;212;48;2;221;248;223m▄[38;2;222;246;222;48;2;205;232;199m▊[38;2;216;244;216;48;2;138;228;91m▄[0m[7m[38;2;109;213;94m▝[0m [0m
 [38;2;0;0;0m     [0m [7m[38;2;43;167;142m▋[0m[38;2;54;214;171;48;2;38;188;187m▆[38;2;211;241;239;48;2;153;228;223m▋[38;2;161;234;215;48;2;123;217;196m▃[38;2;86;188;154;48;2;51;171;132m▏[38;2;50;169;133;48;2;102;202;176m▊[38;2;146;229;218;48;2;110;219;187m▂[38;2;141;231;219;48;2;116;223;194m▃[38;2;149;232;223;48;2;119;224;202m▃[38;2;156;236;228;48;2;130;226;209m▃[38;2;148;230;217;48;2;101;200;186m▉[38;2;40;172;150;48;2;74;200;162m▇[38;2;53;175;154;48;2;171;235;228m▊[38;2;195;241;242;48;2;169;238;234m▂[38;2;202;242;243;48;2;169;240;235m▂[38;2;165;238;237;48;2;126;227;233m▌[38;2;235;247;249;48;2;199;241;241m▖[38;2;164;234;238;48;2;128;223;231m▍[38;2;110;217;235;48;2;95;221;219m▃[38;2;102;213;231;48;2;86;218;217m▄[38;2;104;215;231;48;2;83;218;221m▃[38;2;107;215;233;48;2;89;221;220m▄[38;2;123;220;233;48;2;105;220;221m▃[38;2;136;226;233;48;2;125;225;214m▅[38;2;154;230;233;48;2;149;230;212m▅[38;2;173;236;238;48;2;162;230;218m▃[38;2;177;238;236;48;2;168;233;216m▄[38;2;182;239;235;48;2;176;236;219m▄[38;2;194;240;239;48;2;186;237;223m▃[38;2;205;242;238;48;2;200;241;225m▄[38;2;212;243;236;48;2;221;246;239m▍[38;2;214;245;230;48;2;114;226;183m▋[0m[38;2;77;208;158m▋[0m
 [38;2;0;0;0m      [7m[38;2;57;190;153m▎[0m[38;2;197;245;237;48;2;45;224;180m▄[38;2;35;226;199;48;2;221;248;241m▁[38;2;34;225;204;48;2;222;247;243m▁[38;2;33;217;199;48;2;194;237;229m▁[38;2;29;215;197;48;2;193;237;230m▁[38;2;25;219;211;48;2;200;244;239m▁[38;2;21;221;213;48;2;184;240;236m▁[38;2;13;224;216;48;2;179;239;234m▁[38;2;15;223;218;48;2;205;244;242m▁[38;2;12;224;221;48;2;211;245;245m▁[38;2;12;220;218;48;2;206;243;241m▁[38;2;11;226;226;48;2;214;245;243m▁[38;2;8;231;237;48;2;224;248;247m▁[38;2;8;229;237;48;2;229;249;249m▁[38;2;33;234;240;48;2;193;240;244m▁[38;2;74;229;239;48;2;215;245;248m▁[38;2;76;215;224;48;2;204;241;244m▁[38;2;192;237;240;48;2;147;226;239m▅[38;2;188;237;239;48;2;141;223;237m▅[38;2;180;235;238;48;2;140;223;238m▅[38;2;203;244;245;48;2;145;227;238m▄[38;2;209;243;244;48;2;160;229;237m▄[38;2;198;239;240;48;2;168;233;239m▅[38;2;202;239;241;48;2;176;235;239m▆[38;2;174;232;225;48;2;205;240;243m▁[38;2;172;232;228;48;2;211;242;244m▁[38;2;178;232;226;48;2;217;244;245m▁[38;2;179;230;228;48;2;222;245;247m▁[38;2;158;232;229;48;2;226;247;247m▁[38;2;90;231;242;48;2;232;249;248m▁[38;2;111;231;229;48;2;197;247;248m▝[0m[38;2;86;233;231m▋[0m
 [38;2;0;0;0m    [0m   [7m[38;2;40;229;196m▇[38;2;36;225;201m▇[38;2;31;225;204m▇[38;2;29;217;198m▇[38;2;30;215;204m▇[38;2;61;226;216m▇[38;2;13;226;216m▇[38;2;12;226;220m▇[38;2;19;225;223m▇[38;2;17;226;224m▇[38;2;11;221;222m▇[38;2;10;224;229m▇[38;2;8;229;237m▇[38;2;8;230;237m▇[38;2;52;184;188m▆[38;2;79;198;206m▅[38;2;64;193;192m▅[38;2;49;192;182m▅[38;2;54;198;186m▅[38;2;62;210;196m▅[38;2;73;216;209m▅[38;2;72;214;207m▅[38;2;61;208;193m▅[38;2;61;206;191m▅[38;2;63;207;191m▅[38;2;60;207;190m▅[38;2;56;193;180m▅[38;2;63;206;195m▆[38;2;66;184;185m▆[38;2;105;236;246m▆[38;2;107;238;248m▆[0m [0m
 [38;2;0;0;0m        [0m  [38;2;22;22;22m [0m [38;2;55;55;55m   [0m   [38;2;14;14;14m     [0m  [38;2;27;27;27m        [0m [38;2;26;26;26m     [0m
