[0m [38;2;0;0;0m                                       [0m
 [38;2;0;0;0m                                       [0m
 [38;2;0;0;0m              [38;2;3;43;0m▗[38;2;41;169;0m▄[38;2;96;219;19;48;2;12;44;0m▆[38;2;144;226;69;48;2;34;62;11m▅[0m[38;2;98;149;55m▂                    [0m
 [38;2;0;0;0m            [0m [38;2;31;167;0m▃[38;2;30;196;0;48;2;13;121;0m▆[38;2;41;205;0;48;2;65;218;0m▋[38;2;131;244;33;48;2;92;232;2m▝[38;2;123;241;13;48;2;159;252;71m▄[38;2;116;177;61;48;2;162;251;79m▝[0m[38;2;134;191;71m▃[0m [38;2;17;25;9m                  [0m
 [38;2;0;0;0m        [38;2;62;95;28m▁[38;2;105;166;47m▁[38;2;130;209;59m▃[38;2;121;221;31;48;2;19;34;3m▅[38;2;91;220;3;48;2;40;115;0m▆[38;2;14;192;0;48;2;53;212;0m▗[38;2;0;170;0;48;2;20;201;0m▄[38;2;6;193;0;48;2;26;202;0m▄[38;2;57;220;0;48;2;33;211;0m▝[38;2;56;221;0;48;2;89;234;0m▖[38;2;155;254;67;48;2;119;246;20m▝[38;2;154;253;58;48;2;177;251;95m▖[38;2;84;100;63;48;2;191;237;131m▝[0m[38;2;148;170;113m▃[0m [38;2;29;31;22m                [0m
 [38;2;0;0;0m   [0m [38;2;124;188;60m▂[38;2;149;224;72m▄[38;2;153;238;70;48;2;37;57;16m▄[38;2;150;241;64;48;2;42;65;19m▆[38;2;127;233;43;48;2;94;144;45m▇[38;2;63;217;3;48;2;141;244;53m▄[38;2;17;191;0;48;2;96;232;11m▃[38;2;1;143;0;48;2;65;221;1m▃[38;2;0;120;0;48;2;38;199;0m▅[38;2;0;97;0;48;2;1;144;0m▂[38;2;0;84;0;48;2;0;137;0m┛[38;2;0;119;0;48;2;1;176;0m┗[38;2;19;142;0;48;2;26;209;0m▁[0m[7m[38;2;68;214;0m╸[0m[38;2;67;169;0;48;2;93;239;0m▂[38;2;132;248;31;48;2;105;239;2m▝[38;2;122;243;19;48;2;175;253;95m▄[38;2;168;252;78;48;2;208;251;150m▖[38;2;227;247;181;48;2;96;102;76m▆[38;2;219;223;203;48;2;57;57;50m▄[0m[38;2;178;178;178m▂[0m [38;2;19;19;19m             [0m
  [38;2;83;127;39m▗[38;2;144;221;68;48;2;38;60;17m▅[38;2;140;229;58;48;2;88;136;40m▇[38;2;61;107;2;48;2;145;245;52m▂[38;2;34;170;0;48;2;128;244;33m▃[38;2;9;156;0;48;2;93;226;15m▄[38;2;1;159;0;48;2;72;213;0m▆[38;2;0;129;0;48;2;15;190;0m▅[38;2;0;156;0;48;2;0;93;0m▋[38;2;0;164;0;48;2;0;124;0m╏[38;2;0;137;0;48;2;0;92;0m╺[38;2;0;124;0;48;2;0;79;0m▍[38;2;0;154;0;48;2;0;95;0m▂[38;2;4;195;0;48;2;0;140;0m▂[38;2;12;153;0;48;2;30;206;0m▍[38;2;91;243;0;48;2;46;179;0m▗[38;2;123;254;11;48;2;90;246;0m▃[38;2;141;254;29;48;2;77;163;0m▆[38;2;161;254;65;48;2;114;249;1m▅[38;2;189;254;110;48;2;139;251;35m▄[38;2;228;254;189;48;2;178;254;90m▄[38;2;251;254;239;48;2;224;254;173m▄[38;2;253;254;244;48;2;244;254;212m▄[38;2;248;248;247;48;2;253;254;246m▝[38;2;93;93;93;48;2;234;234;233m▝[0m[38;2;124;124;124m▖[48;2;0;0;0m [0m[38;2;124;124;124m           [0m
 [38;2;131;199;64;48;2;22;34;9m▗[38;2;139;228;56;48;2;161;247;77m▚[38;2;120;235;26;48;2;75;169;7m▋[38;2;209;209;0;48;2;88;116;0m▗[38;2;59;64;0;48;2;218;219;0m▝[38;2;188;188;0;48;2;29;62;0m▖[38;2;0;90;0;48;2;0;133;0m╍[38;2;0;169;0;48;2;0;127;0m┣[38;2;0;95;0;48;2;0;157;0m▌[0m[7m[38;2;0;143;0m╸[0m[38;2;0;95;0;48;2;0;142;0m┙[38;2;0;92;0;48;2;0;151;0m┗[0m[7m[38;2;0;159;0m╺[0m[38;2;6;196;0;48;2;0;117;0m▅[38;2;7;78;0;48;2;26;203;0m▃[38;2;72;77;0;48;2;40;162;0m▂[38;2;58;80;2;48;2;113;243;9m▃[0m[7m[38;2;153;238;53m▖[0m[38;2;178;254;85;48;2;170;252;69m▗[38;2;222;254;154;48;2;193;254;112m▗[38;2;232;254;172;48;2;245;254;213m▌[38;2;251;254;240;48;2;253;254;252m▎[48;2;254;254;254m  [38;2;254;254;253;48;2;252;254;246m▊[38;2;232;254;206;48;2;252;253;239m▃[38;2;140;140;140;48;2;233;241;216m▝[38;2;149;150;136;48;2;0;0;0m▖[0m[38;2;149;150;136m           [0m
[7m[38;2;89;134;47m▊[0m[38;2;115;174;56;48;2;165;248;85m▘[38;2;142;250;51;48;2;86;227;11m▋[38;2;38;208;0;48;2;5;172;0m▌[38;2;118;123;0;48;2;10;104;0m▝[38;2;223;223;0;48;2;44;79;0m▘[38;2;0;135;0;48;2;10;41;0m▗[38;2;0;196;0;48;2;0;115;0m▁[38;2;0;169;0;48;2;0;108;0m▍[38;2;0;208;0;48;2;0;145;0m━[38;2;0;187;0;48;2;0;128;0m▚[38;2;0;211;0;48;2;2;143;0m┛[38;2;14;137;0;48;2;26;202;0m▍[38;2;74;236;0;48;2;27;160;0m▗[38;2;53;205;0;48;2;19;70;0m▋[38;2;150;150;0;48;2;0;44;0m▅[38;2;163;163;0;48;2;240;240;0m▘[38;2;70;74;0;48;2;222;222;0m▝[38;2;184;184;0;48;2;60;83;3m▖[38;2;120;183;44;48;2;172;250;75m▎[38;2;192;254;107;48;2;212;254;139m▍[38;2;239;254;198;48;2;228;254;166m▝[38;2;241;254;188;48;2;251;254;232m▃[38;2;243;254;199;48;2;254;254;248m▂[38;2;233;254;195;48;2;253;254;248m▂[38;2;202;254;146;48;2;246;254;231m▃[38;2;171;254;90;48;2;207;254;157m▄[38;2;179;254;103;48;2;213;254;157m▖[38;2;16;17;12;48;2;191;208;148m▝[0m[38;2;37;40;28m▏          [0m
[7m[38;2;114;143;73m▋[0m[38;2;201;245;142;48;2;182;251;107m▖[38;2;139;245;56;48;2;60;212;12m▋[38;2;12;195;0;48;2;0;184;0m▍[38;2;0;166;0;48;2;0;109;0m▎[0m[7m[38;2;0;166;0m╶[0m[38;2;0;153;0;48;2;0;198;0m▚[38;2;0;212;0;48;2;0;155;0m▗[38;2;0;197;0;48;2;0;143;0m▍[38;2;0;189;0;48;2;0;82;0m▅[38;2;0;76;0;48;2;13;187;0m╾[38;2;22;90;0;48;2;44;173;0m╏[38;2;85;217;0;48;2;81;238;0m▁[38;2;80;224;0;48;2;84;240;0m▗[38;2;82;224;0;48;2;44;128;0m▚[38;2;78;215;0;48;2;9;53;0m▃[38;2;233;233;0;48;2;102;165;0m▝[38;2;51;58;0;48;2;134;186;7m▝[38;2;142;224;50;48;2;25;46;6m▄[38;2;136;195;58;48;2;170;253;69m▘[38;2;180;254;93;48;2;169;254;70m▝[38;2;173;254;79;48;2;205;254;133m▅[38;2;177;254;85;48;2;223;254;154m▄[38;2;186;254;103;48;2;224;254;157m▅[38;2;176;254;88;48;2;200;254;136m━[38;2;172;254;93;48;2;142;252;43m▌[38;2;131;246;30;48;2;161;252;68m▌[38;2;170;254;87;48;2;188;254;117m▋[38;2;208;248;150;48;2;149;171;111m▊[0m[38;2;73;86;53m▏          [0m
[7m[38;2;114;133;89m▋[0m[38;2;179;213;137;48;2;202;248;146m▁[38;2;160;251;86;48;2;99;232;35m▋[38;2;71;218;14;48;2;18;198;0m▖[38;2;0;134;0;48;2;0;181;0m╺[0m[7m[38;2;0;182;0m╸[38;2;0;193;0m╸[38;2;0;161;0m╏[0m[38;2;0;200;0;48;2;0;135;0m▎[38;2;0;191;0;48;2;4;121;0m▌[0m[7m[38;2;41;200;0m╺[0m[38;2;85;242;0;48;2;65;198;0m▝[38;2;95;231;0;48;2;64;165;0m┳[0m[7m[38;2;91;220;0m╺[0m[38;2;59;146;0;48;2;96;233;0m▗[38;2;99;230;0;48;2;65;155;0m┳[38;2;67;167;0;48;2;98;249;0m▖[38;2;79;195;0;48;2;105;252;1m▁[38;2;112;254;3;48;2;154;254;39m▅[38;2;119;254;5;48;2;158;254;55m▃[38;2;131;254;16;48;2;165;254;63m▃[38;2;124;254;9;48;2;163;254;61m▂[38;2;126;252;10;48;2;164;254;62m▃[38;2;211;254;151;48;2;157;252;69m▝[38;2;184;243;156;48;2;242;253;226m▁[38;2;233;251;220;48;2;199;249;161m▋[38;2;164;242;115;48;2;141;246;52m▏[38;2;174;254;90;48;2;159;254;73m▝[38;2;170;232;103;48;2;105;138;68m▊[0m[38;2;45;61;28m▏   [0m [38;2;84;132;42m▂[38;2;82;105;59m▂    [0m
 [38;2;214;231;183;48;2;52;53;46m▝[38;2;171;253;94;48;2;220;245;182m▝[38;2;173;247;107;48;2;97;230;25m▖[38;2;65;220;0;48;2;15;198;0m▖[38;2;2;198;0;48;2;0;136;0m▆[38;2;0;134;0;48;2;0;197;0m▘[38;2;0;151;0;48;2;0;216;0m▇[38;2;0;137;0;48;2;0;193;0m┗[38;2;0;188;0;48;2;0;142;0m▚[38;2;0;186;0;48;2;3;135;0m▚[38;2;10;134;0;48;2;41;197;0m▂[38;2;68;233;0;48;2;53;193;0m┃[38;2;47;149;0;48;2;82;223;0m▌[38;2;61;164;0;48;2;91;231;0m▋[38;2;67;176;0;48;2;107;251;0m▇[38;2;52;140;0;48;2;84;216;0m┎[38;2;71;173;0;48;2;89;228;0m▚[38;2;63;155;0;48;2;93;230;0m▘[38;2;70;175;0;48;2;99;241;0m▄[38;2;57;137;0;48;2;92;222;0m┎[38;2;52;143;0;48;2;95;231;0m▗[38;2;63;152;0;48;2;86;226;0m▝[38;2;48;226;0;48;2;76;192;6m▃[38;2;47;200;3;48;2;105;214;66m▆[38;2;70;149;38;48;2;104;240;12m▘[38;2;123;240;24;48;2;158;252;63m▘[38;2;89;135;47;48;2;165;250;84m▗[0m[38;2;99;151;54m▘    [38;2;1;42;0;48;2;23;137;1m▍[38;2;212;247;173;48;2;105;210;52m▝[38;2;225;251;191;48;2;142;224;88m▘[0m[38;2;64;128;8m▌   [0m
  [38;2;197;197;191m▝[38;2;98;98;98;48;2;215;233;193m▂[38;2;220;250;189;48;2;125;239;62m▄[38;2;155;245;85;48;2;55;213;5m▃[38;2;74;236;8;48;2;7;149;0m▄[38;2;12;206;0;48;2;0;135;0m▇[38;2;2;209;0;48;2;0;173;0m▊[0m[7m[38;2;0;187;0m╸[0m[38;2;0;120;0;48;2;0;199;0m▘[38;2;0;116;0;48;2;0;188;0m▂[38;2;0;218;0;48;2;14;153;0m▄[0m[7m[38;2;23;205;0m╺[0m[38;2;15;138;0;48;2;37;202;0m▗[38;2;19;195;0;48;2;56;214;0m▃[38;2;33;122;0;48;2;39;197;0m╹[38;2;27;144;0;48;2;56;217;0m▖[38;2;40;139;0;48;2;49;225;0m▝[38;2;50;199;0;48;2;57;233;0m▎[38;2;48;231;0;48;2;46;162;0m▄[38;2;48;217;0;48;2;69;236;0m▆[38;2;79;225;1;48;2;33;209;0m▃[38;2;120;239;20;48;2;46;215;0m▃[38;2;152;252;60;48;2;92;232;8m▄[38;2;134;243;37;48;2;159;243;76m▘[0m[7m[38;2;148;224;80m▃[38;2;74;112;42m▆[0m[38;2;6;9;3m     [7m[38;2;0;74;0m▆[38;2;9;141;0m▄[38;2;35;156;0m▅[0m[38;2;10;43;0m▘   [0m
 [38;2;0;0;0m  [0m [7m[38;2;177;178;173m▅[38;2;186;202;157m▃[0m[38;2;75;87;57;48;2;177;233;114m▂[38;2;178;228;114;48;2;113;234;29m▅[38;2;165;241;92;48;2;72;225;4m▄[38;2;145;246;60;48;2;47;215;1m▃[38;2;110;234;22;48;2;11;208;0m▄[38;2;85;224;5;48;2;6;208;0m▄[38;2;80;224;1;48;2;13;204;0m▃[38;2;69;218;0;48;2;13;209;0m▃[38;2;74;222;0;48;2;24;216;0m▂[38;2;75;227;0;48;2;22;212;0m▂[38;2;77;224;0;48;2;28;215;0m▃[38;2;88;226;4;48;2;38;214;0m▃[38;2;103;240;12;48;2;49;216;0m▃[38;2;117;237;15;48;2;61;224;0m▄[38;2;137;248;37;48;2;85;230;1m▃[38;2;104;163;46;48;2;122;236;27m▁[38;2;100;154;47;48;2;148;244;56m▁[0m[7m[38;2;155;240;70m▃[38;2;144;218;80m▅[0m[38;2;103;157;58m▘[0m [38;2;0;0;0m             [0m
 [38;2;0;0;0m       [7m[38;2;142;167;96m▆[38;2;155;203;100m▆[38;2;133;210;62m▆[38;2;110;196;24m▆[38;2;126;218;39m▃[38;2;127;232;30m▄[38;2;124;232;30m▄[38;2;124;233;40m▄[38;2;136;233;44m▄[38;2;134;223;54m▄[38;2;108;191;32m▆[38;2;117;191;43m▆[38;2;122;201;54m▆[0m[38;2;65;100;30m▘                  [0m
