[0m [38;2;0;0;0m                                       [0m
 [38;2;0;0;0m            [38;2;24;18;13m▁[38;2;20;19;11m▁[38;2;57;45;32m▁[38;2;71;57;41m▃[38;2;74;60;44m▄[38;2;82;66;49m▄[38;2;77;61;45m▆[38;2;63;50;37;48;2;12;8;5m▂[0m [38;2;3;2;1m                  [0m
 [38;2;0;0;0m           [38;2;60;48;35m▗[38;2;72;61;44;48;2;47;38;27m▆[38;2;77;63;47;48;2;52;43;28m▆[38;2;50;48;32;48;2;80;65;48m▄[38;2;43;37;23;48;2;63;57;40m▃[38;2;49;43;28;48;2;71;60;44m▅[38;2;90;75;59;48;2;52;48;31m▁[38;2;49;47;30;48;2;76;63;47m▇[38;2;16;16;7;48;2;57;53;36m▁[38;2;60;54;37;48;2;34;26;15m▇[0m[38;2;48;48;30m▄[38;2;33;33;19m▂[0m [38;2;3;3;1m               [0m
 [38;2;0;0;0m         [38;2;62;54;46m▗[38;2;101;89;77m▃[38;2;38;30;16;48;2;67;57;41m▏[38;2;50;47;30;48;2;72;61;44m▆[38;2;107;90;74;48;2;50;45;30m▂[38;2;134;117;100;48;2;73;61;45m▃[38;2;142;125;108;48;2;98;82;65m▅[38;2;31;26;22;48;2;128;112;96m╶[38;2;17;13;10;48;2;122;106;91m─[38;2;101;88;75;48;2;133;117;100m▃[38;2;133;117;101;48;2;81;71;59m▆[38;2;139;123;107;48;2;43;40;26m▆[38;2;146;130;113;48;2;58;55;40m▃[38;2;91;81;66;48;2;46;45;30m▖[38;2;6;6;2;48;2;41;41;25m▃[0m[7m[38;2;25;23;12m▄[0m[38;2;32;24;15m▘             [0m
 [38;2;0;0;0m        [0m [38;2;134;119;103m▂[38;2;108;95;83;48;2;21;19;12m▖[38;2;115;99;82;48;2;50;46;31m▗[38;2;140;123;106;48;2;84;70;55m▆[38;2;148;131;114;48;2;133;117;100m▇[38;2;132;115;99;48;2;150;133;116m▁[48;2;151;134;117m▁[38;2;142;125;108m▁[38;2;151;134;117;48;2;104;90;76m▆[38;2;149;132;115;48;2;120;103;87m▆[38;2;144;127;110;48;2;106;91;78m▆[38;2;147;131;114;48;2;114;97;80m▄[38;2;137;121;104;48;2;148;131;114m╾[38;2;151;134;117;48;2;133;118;102m▇[38;2;143;126;110;48;2;67;58;49m▆[0m[38;2;108;94;81m▃[0m [38;2;17;15;11m             [0m
 [38;2;0;0;0m     [38;2;62;42;39m▁[38;2;49;35;25m▁[0m [38;2;97;96;84m▗[38;2;80;66;52;48;2;129;119;102m▚[38;2;76;62;47;48;2;108;92;75m▃[38;2;72;61;45;48;2;126;113;93m▖[38;2;215;215;188;48;2;108;95;78m▂[38;2;214;214;191;48;2;103;91;73m▃[38;2;236;236;213;48;2;93;81;62m▃[38;2;202;194;162;48;2;92;80;62m▂[38;2;168;154;125;48;2;91;77;62m▂[38;2;72;58;44;48;2;136;119;102m▄[38;2;86;72;58;48;2;131;114;97m▖[38;2;146;129;113;48;2;152;135;118m▘    [38;2;138;121;104;48;2;150;133;116m▝[38;2;60;52;44;48;2;132;115;99m▝[0m[38;2;102;89;76m▃[0m [38;2;12;10;6m           [0m
 [38;2;0;0;0m     [48;2;142;103;103m▎[38;2;120;88;84;48;2;84;62;51m▅[38;2;120;103;86;48;2;83;67;54m╺[38;2;115;100;84;48;2;67;56;46m▆[38;2;119;103;87;48;2;140;123;106m▋[38;2;149;132;115;48;2;128;112;96m▇[38;2;122;109;93;48;2;150;137;118m▘[38;2;139;125;111;48;2;225;224;223m▅[38;2;137;125;113;48;2;236;236;236m▄[38;2;127;117;100;48;2;247;247;238m▄[38;2;139;128;108;48;2;233;232;210m▅[38;2;129;116;98;48;2;153;140;118m▝[38;2;149;132;115;48;2;97;81;65m▇[48;2;152;135;118m▘     [38;2;144;127;110;48;2;151;134;117m╺[38;2;149;132;115;48;2;143;126;109m▘[38;2;144;128;111;48;2;134;117;100m▂[38;2;24;19;15;48;2;104;89;73m▝[0m[38;2;23;18;13m▖          [0m
 [38;2;0;0;0m     [7m[38;2;73;54;54m▎[0m[38;2;144;106;106;48;2;117;86;86m▗[38;2;97;67;58;48;2;119;87;86m▝[38;2;56;41;28;48;2;96;72;58m▚[38;2;101;84;67;48;2;134;117;100m▃[38;2;26;21;17;48;2;136;125;111m╽[38;2;177;171;155;48;2;135;121;104m▖[38;2;107;90;74;48;2;140;123;107m▃[38;2;137;121;104;48;2;151;134;117m▖[48;2;152;135;118m   [38;2;151;134;117m╲[38;2;124;109;94;48;2;150;133;116m▗[38;2;136;121;105;48;2;152;135;118m▖[38;2;146;129;112;48;2;151;134;117m╺[38;2;136;119;103;48;2;147;130;113m▗[38;2;124;107;90;48;2;150;133;116m▄[38;2;148;131;114;48;2;152;135;118m▖ [38;2;143;126;109;48;2;151;134;117m▝[38;2;125;108;91;48;2;136;119;102m▝[38;2;123;106;89;48;2;105;88;71m▍[38;2;74;59;44;48;2;6;4;3m▌[0m[38;2;19;14;8m▁[38;2;40;38;24m▄[38;2;40;40;23;48;2;7;7;3m▖[0m[38;2;40;40;23m       [0m
 [38;2;0;0;0m     [7m[38;2;33;24;24m▇[38;2;118;88;87m▅[0m[38;2;12;7;4;48;2;112;79;69m▄[38;2;12;9;6;48;2;71;52;39m▂[38;2;45;35;20;48;2;89;72;55m▁[38;2;75;60;46;48;2;110;100;89m▆[38;2;103;92;74;48;2;219;211;191m▖[38;2;216;201;170;48;2;123;110;87m▄[38;2;203;186;152;48;2;101;87;69m▂[38;2;110;97;78;48;2;143;126;109m▄[38;2;91;75;59m▂[38;2;101;84;67;48;2;138;121;105m▃[38;2;95;79;62;48;2;136;119;103m▅[38;2;74;62;50;48;2;123;109;94m▍[38;2;114;97;81;48;2;149;132;115m▁[38;2;112;96;79;48;2;145;128;111m▁[38;2;105;88;71;48;2;130;114;97m▃[38;2;54;42;31;48;2;94;78;62m▗[38;2;95;79;63;48;2;134;118;101m▖[38;2;99;86;72;48;2;149;132;115m▄[38;2;137;120;103;48;2;149;132;116m▄[38;2;111;95;78;48;2;131;114;98m▗[38;2;54;43;31;48;2;99;81;65m▗[0m[38;2;72;58;42m▘[7m[38;2;60;46;33m▅[38;2;66;54;39m▇[0m [38;2;0;0;0m       [0m
 [38;2;0;0;0m           [38;2;61;55;44m▝[7m[38;2;188;172;141m▅[0m[38;2;28;20;10;48;2;209;193;160m▄[38;2;29;20;9;48;2;180;164;132m▄[38;2;58;50;36;48;2;15;9;3m▏[0m[7m[38;2;68;54;40m▇[38;2;67;53;39m▇[0m[38;2;72;59;39;48;2;19;14;6m▝[38;2;49;37;6;48;2;83;68;54m▇[38;2;30;19;2;48;2;76;62;47m▆[0m[7m[38;2;78;62;46m▄[38;2;40;31;22m▆[38;2;63;51;38m▇[0m[38;2;6;4;2;48;2;66;53;26m▌[38;2;40;27;8;48;2;113;96;79m▆[38;2;5;2;0;48;2;86;70;54m▄[0m[38;2;38;30;21m▘           [0m
 [38;2;0;0;0m                                       [0m
